"汉字英雄"+的意义	0	1	0
【无码】中文快播	1	1	0
：SONY+A6000样张	2	1	0
ＷＷＷ．１７ＺＵＯＹＥ	3	2	1
プ相似的符号	4	1	0
阿凡达快播	5	5	3
艾飞克机电技术	6	1	0
爱电影+快播	7	1	0
爱上包养我的女地产老板	8	1	0
安徽五里村	9	1	0
安吉斯媒体	10	2	0
安庆到合肥汽车	11	1	0
安晓路666号	12	1	0
安雅萍与狼共舞剧照	13	1	0
安阳新闻直播	14	1	0
安卓手机状态栏字体	15	1	0
按摩脸颊	16	1	0
奥拉星伤害值	17	1	0
奥特曼之母之死视频	18	1	0
芭比之仙子的秘密中文版+快播	19	1	0
爸爸去哪儿电影完整版快播	20	1	0
白酒封坛技术	21	1	1
白求恩医科大学医疗系	22	1	0
百度大闹天空	23	1	0
百姓网二手车工程车	24	1	0
班级文化建设ppt模板	25	1	0
宝鸡市科目三考试视频	26	1	1
报告拉板	27	1	0
暴力战车	28	1	0
北方氯碱集团	29	1	0
北京欢乐谷门票多少钱一张	30	1	0
北京市+物业管理协会+十字绣	31	1	0
北京特快专递+市内当日	32	1	0
北京现代sohu女子跳楼	33	1	0
奔驰鸟门	34	1	0
本山传媒赵刚	35	1	0
笔记本刚开机内存占用90%	36	1	0
便女快播	37	2	0
滨州市滨城区北城中学成绩单	38	1	0
玻璃划痕修复小窍门	39	1	1
补交医疗保险	40	2	0
不二神探李连杰老婆	41	2	0
布衣图谜	42	2	2
采购流程中的催货	43	1	0
采荷第三小学教育集团	44	1	0
彩虹岛诺克斯村怎么去	45	1	0
苍井空美女手机壁纸+高清	46	1	0
查询苹果序列号	47	1	0
长安新豹双排货车	48	4	1
长春凯旋路客运站班车	49	1	0
长腿美女和矮男快播	50	1	1
超级海贼王	51	1	1
超级护花兵王	52	1	0
朝鲜电视台网络直播	53	1	0
朝鲜人过夫妻生活视频	54	9	1
陈三+彭菲+林佛菊	55	1	0
陈氏太极拳倒卷肱	56	1	0
城北有哪些大型企业	57	1	0
橙子的含义	58	1	0
成才在线色情免费电影同性恋	59	1	0
成都夫妻做爱自拍视频	60	1	0
成人网站视频	61	1	1
迟来的幸福2++言情+小说	62	1	0
穿越西元3000后大结局视频	63	1	0
传奇私服85	64	1	0
传世私服外挂视频	65	1	0
传统玉米酿酒技术工艺	66	1	0
传祺+gs5对比现代ix35	67	1	0
床上发电机快播	68	1	0
创建微信账号	69	1	0
创先争优强基础惠民生五项载体	70	1	0
创意桌面图标摆放	71	2	0
春光灿烂猪八戒牛魔王	72	2	1
春季开学安全教育讲稿	73	1	0
春山富居图高清	74	2	0
纯不锈钢哑铃	75	1	0
慈禧秘密生活快播	76	3	0
刺客信条2刺客古墓完成存档	77	1	0
从乌镇到北戴河怎么坐车	78	1	0
从中山大道新华书店到名幸电子坐车	79	1	0
醋泡葡萄干的药用价值	80	1	0
达州电梯安全管理培训	81	1	0
打字快播	82	2	0
大话西游2论剑峰	83	4	3
大婚晚辰19楼	84	8	0
大连韩国城几点关门	85	1	0
大闹天宫快播	86	136	67
大师兔都配什么照	87	1	0
大型电鱼器电鱼视频	88	1	0
大型收割机收蔬菜视频	89	1	0
大作文妈妈我想对你说	90	2	0
带字繁体字网名符号	91	1	0
丹东姜老五	92	1	0
丹东市元宝区爱民街134号	93	1	1
淡淡的忧伤空间说说	94	1	0
党的群众路线教育实践活动动演讲稿	95	1	0
到郑州东站都有哪几路公交车	96	1	0
道济车	97	1	0
的进攻	98	1	0
地球给人类的一封信	99	2	0
地摊新奇特偏光镜	100	1	0
地图滨河东路和南内环桥	101	1	0
地形图常用符号	102	2	1
地址+河南省漯河市舞阳县九街乡三刘村	103	1	0
第七批全国重点文物保护单位名单	104	1	0
帝皇人体艺术	105	1	0
电话应聘怎么说	106	2	0
电脑给手机发短信	107	1	0
电视机+中关村	108	1	0
电子商务安全的定义	109	1	0
吊顶的施工工艺	110	2	0
丢弃错误人非圣	111	1	0
动画1秒多少张	112	1	0
动物牛和马性视频	113	1	0
毒化妆品清单	114	1	0
多支队伍进行拔河比赛。怎么安排	115	1	0
堕落+丫丫泽雅	116	1	0
鄂科技发技20123号	117	1	0
鄂伦克族	118	1	0
耳和听觉	119	1	0
二千车	120	1	0
二月二十八日尼克斯-热火全场回放	121	2	0
番茄微信	122	1	0
翻脸门	123	1	0
繁体字符号	124	1	0
房价涨跌之你不拉磨谁拉磨	125	1	0
肺癌往生视频	126	1	1
分子塞脱蜡工艺	127	1	0
丰县百姓网二手汽车	128	1	1
风流武侠小说	129	1	0
凤凰传奇两人什么关系	130	1	0
福岛莉拉性感照	131	116	53
福建农海区号	132	1	0
福建平潭新闻	133	1	0
福建神州行大众卡2012版9号	134	1	0
付款通知书模板	135	1	0
阜阳到淮北南平的客车	136	1	0
阜阳人事人才	137	1	1
附加值	138	1	0
甘肃省三元镇下原村	139	1	0
肝脾破裂英语交班模板	140	1	0
钢炼金术	141	1	0
高层建筑的定义	142	1	0
高丽虹的不良照	143	5	4
高千惠骂四川视频	144	1	0
高天放	145	2	1
高通+骁龙Snapdragon+MSM8225	146	1	0
搞怪说说	147	1	0
哥使劲插	148	1	0
割头放血宰杀女人视频	149	1	0
个人公积金编号	150	1	0
给我西游大战僵尸2号	151	1	0
公司解除劳动合同怎么赔偿	152	1	0
共济会的会徽	153	1	0
孤岛危机2剧情大概	154	1	0
古剑奇谭电视剧快播	155	2	1
关公纹身线条	156	1	0
观月初同人小说	157	1	0
广播站部长竞选的演讲稿	158	2	0
广东省清新县创意机械	159	1	0
广州大学有什么专业	160	1	1
广州女装批发网进货	161	4	1
硅钼棒热弯工艺和冷弯工艺	162	1	0
贵州牛王昆山斗牛视频	163	1	0
国产漂亮荡妇快播	164	1	0
国际爱牙日	165	2	0
国务院组成部门领导名单	166	1	0
过期食品定义	167	1	0
哈尔滨广申奥迪二手车	168	1	0
哈佛h61.5t手动两驱二手车	169	1	0
哈利波特3国语高清版爱奇艺	170	1	0
海德勒	171	1	0
海信LED50K680X3DU视频	172	1	0
韩国+偷拍+快播	173	1	0
韩国sbs节目单	174	1	0
韩货欧货	175	1	0
函数f(x)=x^4-4x(|x|<1)有无最大值最小值	176	1	0
汉口至安陆晚上的火车	177	1	0
好看的男主是丞相的小说	178	1	0
和县到武汉大巴最早班车	179	1	0
合肥车管所网上选号	180	1	0
河北电视台农民频道网络直播	181	1	0
河北省煤炭、钢铁、建材、化工为代表的重化工业占全省工业总量的96%	182	1	0
河南律师培训	183	1	0
河南省工信厅公示名单	184	1	0
黑豹汽车480柴油双排	185	1	0
黑社会大佬是我老婆	186	1	0
衡阳市海南一号	187	1	0
洪荒七圣	188	1	0
红百合富婆	189	1	0
呼和浩特开源物业	190	1	0
湖北大冶保安镇新闻	191	1	0
湖南卫视我是歌手第二季现场直播	192	1	0
虎鼓瑟兮鸾回车	193	1	0
花霉视频	194	2	0
花香二手车	195	1	0
华臣影讯+哈尔滨	196	1	0
华为那部手机和黑米对峙	197	1	0
怀男孩女孩的不同感觉	198	2	0
黄忠炫	199	1	0
皇牌空战7存档	200	2	0
回龙观到百子湾桥	201	1	0
惠州麦地到意生广场坐几号车	202	1	0
会员靓号	203	1	1
婚前婚后大龄剩女19楼	204	1	0
婚姻法重婚罪的定义	205	1	0
吉林乡村频道在线直播	206	5	0
吉普车	207	5	3
济宁明德花园一期阁楼	208	1	0
颊飞双颊	209	1	0
驾驶员理论考试的窍门	210	4	0
简单外挂2.5.5	211	2	0
剑灵血鲨版本囤货	212	1	0
剑灵4人兰兰老2没有力士职业	213	1	0
剑侠情缘3大脚	214	1	0
建行信	215	1	0
江华界牌大桥	216	1	0
江苏省启东市王宝乡何秦村	217	1	0
江苏卫视在线直播节目单	218	1	0
江西省委巡视组名单	219	1	0
蒋方舟+成为妖孽	220	1	0
教孩子念aoe视频	221	1	0
节粮+++节水+节电班会发言稿	222	1	0
姐妹头像五人一人一张	223	1	0
借用一下迅雷会员的号	224	1	0
近H相+W婆	225	1	0
景洪到大理汽车	226	1	0
九的繁体	227	1	1
九芝堂内幕传闻	228	1	3
九州门	229	1	0
酒店回访话术	230	1	0
酒店女服务员陪睡觉	231	4	1
就要去	232	1	0
聚福来海鲜酒楼	233	1	0
绝美少女初	234	1	0
绝色女优	235	1	0
开放快播	236	1	0
开展春季消防安全知识培训	237	1	0
凯马菱锐汽车	238	1	0
看得清奶子的没有东西挡住奶子的全裸照	239	1	0
康熙王朝45	240	2	0
康+巴丝钟表集+团	241	1	0
靠边停车信号	242	1	0
克山县涌泉乡新政村二社的电话号	243	1	0
客所思传奇版控制面板	244	1	0
恐龙战队国语版爱奇艺	245	1	0
口碑好的车	246	1	0
胯骨疼痛吃什么药号	247	1	0
快播丁度欢颜	248	1	0
快的打车+滴滴打车	249	1	2
快乐大本营陈赫	250	1	0
昆明+夫妻玩6p+快播	251	1	0
拉呱直播	252	2	1
赖昌星和杨钰莹董文华睡觉视频	253	56	29
劳动合同书模板	254	2	1
老挝三轮摩托车	255	1	0
雷速登闪电冲线3玩具视频	256	1	1
类似帝王归来的小说	257	1	0
利剑纵横23集播放	258	1	0
联合早报网周永康	259	2	0
联通停机多久销号	260	1	0
连云港赣榆吧连心桥	261	1	0
两性长篇小说	262	1	0
猎狼有声小说	263	1	0
林家成美人温雅	264	3	0
临清邮政编号	265	1	0
刘大刚	266	7	1
刘军安+华中农业大学逸夫楼A805	267	1	0
柳州莫青未流出视频	268	1	0
六盘水到丽江怎么去	269	1	0
六小学校的区号	270	1	0
龙煤新闻	271	1	0
鲁能泰山比赛直播	272	1	1
露地豆角种植技术视频	273	1	1
路由器输入用户名和密码后进不去	274	1	0
旅游知识培训	275	1	0
罗汉果种植技术视频	276	1	0
罗麦的事业分享稿	277	1	0
洛基亚手机淘宝软件wp7.5	278	1	0
洛克王国格斗小八在哪抓	279	4	5
洛阳市人大代表名单	280	1	0
洛阳新区科三考试视频	281	1	0
玛瑙2号	282	1	0
马卡洛夫屠杀机场视频	283	1	0
马头铺镇马石桥村	284	1	0
麦克拉伦+婴儿车	285	1	0
卖2手箱车	286	1	0
满版黄，黑字怎么做镂空	287	1	1
慢性鼻炎手术	288	6	0
梅哥锁胎大漠客栈视频	289	1	0
煤矿企业变招工为招生工作计划和方案样板	290	1	0
美久广场舞酒桥	291	1	0
美女残忍马视频	292	1	0
美女的b被鸡巴日	293	1	0
美女电影快播	294	1	1
美女服务员快播	295	1	0
妹妹和女儿的丝袜爱恋	296	1	0
梦三国青梅煮酒给个号	297	1	0
迷人的九寨沟说课稿	298	1	0
面包封闭式小货车	299	1	0
描写戴笠的小说	300	1	0
明天我想做你的新娘++七夕+hold不住+非诚勿扰	301	1	0
明星化妆后和素颜	302	1	0
名片上加微信	303	1	0
摩托车起步学习视频	304	1	0
魔幻手机同人小说	305	6	1
魔幻手机2傻妞归来快播	306	11	1
魔兽火源进不去	307	1	0
魔兽3-冰封王座进不去	308	1	0
魔域雪狼冰原怎么去	309	1	0
牡丹江新闻直播	310	1	0
牧籁	311	1	0
哪些城市需要摇号	312	1	0
那个省的人最坏	313	1	0
南摆宴街到苏州蜂巢快捷酒店坐几路车	314	1	0
南骏瑞宝双排座刹车	315	1	0
南桥汽车站有没有到南通的客车	316	1	0
男儿心女儿身的小说	317	1	1
男模倪泽拍摄花絮	318	1	0
男主重生胎穿古代小说	319	1	0
男子无性手术	320	1	0
难忘的第一次500字六年级独自睡觉	321	1	0
内蒙古大学2013年研究生录取名单	322	1	0
能看透陶瓷眼镜	323	1	0
纽约时报++周永康	324	1	0
农业公司字号	325	1	0
女犯钉镣戴枷视频	326	3	0
女教委主任第三季085	327	1	0
女人的高跟凉鞋视频	328	1	1
女人黑毛b人体艺术	329	1	0
女生哪些专科专业好就业	330	1	0
女生小说	331	3	1
女贪官性贿赂丑闻	332	1	0
女同用很多女性用品来操女同快播	333	1	0
女王吐痰快播	334	1	0
女性丰胸按摩手法内部教学视频	335	7	1
女性选车	336	1	0
女尊男卑男生子小说	337	1	0
欧宝丽铝铜门	338	2	0
欧美解剖尸体视频	339	1	0
欧美色艺术	340	1	0
排位青铜1为何掉不下去	341	1	0
胖洪和老高比厨艺	342	1	0
炮竹声中一岁除+春风送暖入屠苏	343	1	0
培训报道稿	344	1	0
佩阿佩	345	1	0
喷油泵的系列型号	346	1	0
飘荡的云的小说	347	1	1
品管在哪个部门	348	1	0
苹果手机主板辨别型号	349	1	0
萍乡开车	350	1	0
萍乡市安源区城郊管委会坪青坪村	351	1	0
莆仙戏56网全集播放	352	1	0
妻子发现丈夫的不良视频	353	2	3
七杀私服105	354	1	0
企业法人成立日	355	1	0
汽油发动机电控系统示教板	356	1	0
千岛湖论坛19楼	357	1	0
钱江摩托车125气门调整视频	358	1	0
前后标志都是一个X的是什么车	359	1	0
前景+日语怎么说	360	1	0
强奸小幼女快播	361	2	0
切洋葱不流泪的窍门	362	1	0
青岛身份证号	363	1	0
青楼十2楼	364	1	0
情侣QQ号	365	2	1
情迷美女上司1305	366	1	0
情色小说	367	93	47
情缘	368	1	0
求大神设计字体	369	1	0
求火影忍者h视频快播	370	2	1
全和菌业	371	1	0
人人塔防海贼王	372	1	0
人生就像公交车	373	4	0
人与动物的性关系	374	2	0
任丘至北京汽车	375	1	0
日本木工手工雕刻视频	376	1	0
日本av快播	377	8	2
日韩美女_人体艺术图片大全DD人体艺术摄影_大胆人体艺术	378	1	0
日语鸡肉鸡蛋盖饭的特殊含义	379	1	0
日照到兖州的汽车	380	1	0
如果	381	2	1
如何跟踪老外，并促进成单	382	1	0
如何管理酒楼	383	1	0
如何将人弄晕过去	384	1	0
如何解密已加密WORD文档	385	1	0
如何通过腾讯微博查qq号	386	2	0
如何在手机上安装微信	387	3	1
如何在CAD中显示钢筋符号	388	1	0
三浦惠理子作品封面番号	389	1	0
三位一体招生自荐信	390	1	1
三星S3总提示SD卡已损坏	391	1	0
散田芳的小说视频	392	1	0
色七大叔	393	3	0
色婷婷四播	394	1	0
山东二手98款凌志400车	395	1	0
山东省汶上县有哪些大企业	396	1	0
山河智能叉车	397	1	0
山西平鲁反腐新闻	398	30	16
上海皇族	399	1	0
上海贫民女皇调奴快播	400	1	0
上海市闵行区都市路3677号	401	1	0
上海自主招生哪个专科学校最热门	402	1	0
上天为你关上一扇门	403	1	0
少女快播	404	2	1
蛇王，你好坏	405	2	0
设计编号和图纸编号	406	1	0
深圳龙华新区潭罗工业区56号安宏基科技大厦12楼	407	1	0
神奇的紫云峰	408	1	0
沈湘美声唱法教学视频	409	1	0
升降符号	410	1	0
失业金与再就业	411	1	0
十里亭填西油村	412	2	0
石膏娃娃摆摊现场视频	413	1	0
石门开门	414	1	2
什么人不能喝昆仑雪菊	415	2	0
什么事4+3产业	416	1	0
食品安全管理师培训	417	1	0
世界七大谜团	418	1	0
事物发展过程中内外因的辩证关系	419	1	0
市人大常委会副主任张仲康	420	1	0
室内净化治理最新新闻	421	1	0
手机不停收同一条短信	422	1	0
手机我的世界超级存档	423	1	1
手术后为什么出现幻觉	424	1	0
暑假一般什么时候放	425	1	0
属相适合的职业	426	1	0
数学中同时逼近的含义	427	1	0
帅飘25	428	9	1
谁给我一个有英雄级武器的cf号	429	1	0
谁能百里挑一马徐骏	430	38	20
谁阻止了郝大通自杀以谢孙婆婆	431	1	0
水草花如何加针视频	432	1	0
水东大桥	433	1	0
水钢+群口快板	434	1	0
说爱我+在我耳边轻声对我说	435	1	0
思想政治教育专业就业	436	1	0
司小军保险	437	1	0
丝袜美女在家自拍还衣服视频	438	1	0
死刑犯执行电椅死刑过程视频	439	1	1
松原月嫂免费培训	440	1	1
搜狗人气王	441	7	3
苏州至哈尔滨汽车	442	1	0
苏州+2014年商业持有30%	443	1	0
塑料加热或燃烧会产生那些有害气体	444	1	0
随州出租车	445	1	0
孙克斌的手机号	446	3	0
孙立人活埋日本兵视频	447	1	0
所有果实	448	1	0
塔龙电动车	449	1	0
塔式教学体系	450	1	0
台涌新街北六巷4号	451	1	0
太诱	452	1	0
坦洲到广州的汽车	453	1	0
唐朝人才	454	1	0
桃花纵放	455	1	0
套博爱王	456	1	0
腾讯40012345	457	1	0
天降宝宝，总裁爹地别使坏	458	1	1
天津夏利4s店+电动汽车	459	1	0
天生长的斑怎么去	460	1	0
天使纹身图案手稿	461	1	0
天镇县陈刚	462	1	0
甜瓜身体	463	1	0
铁西到浑南有什么公交车	464	2	0
铁血娇娃+快播	465	1	0
通化―果松火车	466	1	0
统计工作人员培训演讲稿	467	1	0
透骨草+伸筋草泡脚	468	1	0
土豆网下载程咬金娶新娘全场视频	469	1	0
外国同性恋视频	470	1	0
外国性感电视直播	471	1	0
外贸英语A/F+draft:+1.5/4.5	472	1	0
外门把手上提锁门	473	1	0
外星人迷团	474	1	0
玩cf老是网络连接关闭	475	1	0
完结都市热血黑道小说	476	1	0
万国司法考试培训	477	1	0
汪峰新专辑生来彷徨	478	1	0
王不见王	479	1	0
王雅	480	1	0
威海新平板3.8货车	481	1	0
威县路考视频	482	4	0
微信公众平台封号	483	1	0
为什么酒店要实行外语培训	484	1	0
温州建校继续教育培训	485	1	0
温州小情侣实录视频	486	1	0
温州至义乌动车	487	1	0
问战礼包序列号	488	1	0
窝洛沽中学军训视频	489	1	1
我比谁都相信奋斗的意义	490	1	0
我的世界怎么做木板	491	1	0
我生日+他买单	492	1	0
我是歌手场外抽奖名单	493	2	0
我是歌手2月28日直播	494	1	0
我要直播	495	2	3
无剑小说	496	1	0
无愧神器称号	497	1	0
无码快播	498	7	1
无棣一实	499	1	0
武汉到仙桃的火车	500	1	0
武汉亿康	501	1	0
武林风2014年2月1日直播	502	2	0
武宁路2100号	503	1	0
五河吧最近车祸新闻	504	1	0
物品单价是0.5元、如果要赚百分之十的利润多少钱一颗	505	1	0
误会到宁波火车	506	1	0
西安世和集团	507	1	0
西游降魔篇电影全播	508	1	0
西周玉组佩	509	1	0
希望工程图标意义	510	1	0
夕阳之约恋老博客视频	511	1	0
戏点鸳鸯爱奇艺15	512	2	0
虾青素在哪个台播放	513	1	0
下号	514	1	0
下载侠盗飞车罪恶都市5	515	1	0
厦门利德集团	516	1	0
厦门市思明区厦禾路862号金山大厦17c要怎么坐车去	517	1	0
夏朝演义	518	1	0
夏了夏天+陈一诺	519	1	0
夏目ミュゥ	520	1	0
先结婚后恋爱的小说	521	2	2
现在武威金昌有没有回新疆的空板车	522	2	0
香港明镜网周永康	523	1	0
襄阳10余家危化品企业2015年前搬迁转产或关闭	524	1	0
湘雅校训	525	1	0
乡村爱情圆舞曲中宋晓峰	526	1	0
乡村教师的情乱小说	527	3	2
项目管理专业	528	1	1
象棋棋谱秘诀十八杀视频	529	3	1
小仓麦林炮手教学视频	530	1	0
小刀电动三轮车	531	1	0
小孩电动车电频	532	1	0
小龙女被轮奸视频	533	2	0
小龙女被+玷污+小说	534	1	0
小学红领巾广播站爱护环境广播稿	535	1	0
小学健康知识板报模板	536	1	0
小学生班风班训	537	1	0
小学生亲吻拥抱视频	538	1	0
小学校长强奸女性视频	539	2	1
校园安全关涉千家万户，关系	540	1	0
校园网怎么看流畅视频	541	1	0
协插	542	1	0
谢萌正佳集团	543	2	0
锌金属新闻	544	1	0
新华社通稿	545	2	0
新疆天山马鹿王股权投资管理合作企业	546	1	0
新劳动法公司搬迁赔偿	547	1	0
新年祝福短信	548	6	0
新文化报委员建议用电锅炉供暖1月20日	549	1	0
新余美佛儿赛琳	550	1	0
心肺复苏操作步骤视频	551	1	0
行政专业	552	1	0
性与爱的抉择快播	553	2	0
修改银行卡网上银行手机号	554	1	0
薛刚反唐小说	555	6	0
雪佛兰新赛奥导航义	556	1	0
迅游发号	557	1	0
亚洲在线视频	558	4	2
央视综合频道在线直播	559	1	1
杨幂唱歌出丑视频	560	2	0
腰间盘突出手术	561	1	3
遥想当初离别日	562	1	0
一档什么时候换二档	563	1	0
一封信的封的作业	564	1	0
一风移俗大家行演讲稿	565	1	0
一号店怎么购买回收	566	1	0
一辆以10m+s的速度行驶的汽车	567	1	0
一汽解放微卡锡柴485	568	1	0
一四年二月二十七号陕西新闻	569	1	0
一位老僧盘坐的身体慢慢升空	570	1	0
宜昌东到常德汽车	571	2	0
意淫强奸插插	572	1	0
毅雅+20141春季新款绒面圆头蝴蝶结拼色平底单	573	1	0
义乌真爱和新光合资建高楼	574	1	0
异国浪漫恋	575	1	0
异侠免费小说	576	1	0
银行报备员工办理护照	577	1	0
银行会计主管竞聘演讲稿	578	1	0
引力坍缩	579	2	1
英德供电局施工单位名单	580	1	0
影视后期培训	581	2	0
永济赵姓家族	582	1	0
勇敢者日记爱奇艺	583	1	0
用什么油漆涂壁橱门	584	1	0
幽兰清香叶子针绣	585	1	0
优秀生辅导安排	586	1	0
幼儿园中班认字教学过程视频	587	1	0
余其生+祥和物业	588	1	0
娱乐直播	589	1	0
与女人做活塞运动视频	590	16	5
宇宙纪录片国语高清	591	1	0
玉林人事人才	592	2	0
预算管理培训	593	1	0
元一集团	594	1	1
原材料和库存产商品能哪个科目对冲	595	1	0
员村山顶做夜班车到广园新村	596	1	0
曰本女扰	597	1	0
越南乡下待嫁新娘视频	598	1	0
岳西最新新闻	599	1	0
月光曲朗读音频	600	1	0
月经期下身庠阴唇一侧肿大，后来消肿了，皮内有一个花生米大小的疙瘩去	601	1	0
悦航+代步车	602	1	0
韵达快递服务号	603	1	0
在哪里可以批发到手机行货	604	1	0
枣矿集团	605	2	0
怎么给同学写信	606	1	0
怎么跟京东在线的客服联系	607	1	0
怎么进女的肝门	608	1	0
怎么看本地是网通还是电信	609	1	0
怎么看自己电脑玩剑灵几档	610	1	0
怎么看cctv1直播	611	1	0
怎么能快速学好倒车	612	1	0
怎么让自己号变成幸运星号	613	1	0
怎么样不收听好友说说	614	1	0
怎么用身份证插宽带账号	615	1	0
怎么注册小米账号	616	1	0
怎样保护颈椎	617	1	0
怎样查淘宝返利编号	618	1	0
怎样创cf号	619	1	0
怎样将VGA信号转换为有线电视信号	620	1	0
怎样教你在马路上学开车	621	1	0
怎样接吻+舌头该咋弄视频	622	1	0
怎样可以验证手机是否行货	623	1	0
怎样克服婚外恋	624	1	0
怎样设置淘宝自动发货	625	1	1
怎样使电脑可以看视频	626	1	0
曾什么棋	627	1	0
战机世界公用账号	628	1	0
张恒远幕后花絮	629	1	0
张雨欣真情表白-69236435	630	1	0
找个花滑女单	631	1	0
赵本山2014年春晚小品卖房视频	632	17	4
赵红霞性爱视频	633	1	0
照片运动组成爱心模板	634	1	0
这样临时停放红色轿车有什么违法行为？+A、距离加油站不到30米+B、停车占用非机动车道+C、距离路边超过30厘米+D、在有禁停标线路段停车	635	2	0
浙江宏利电屏铛	636	1	0
浙江省上虞市高速路交通事故新闻	637	1	0
真宫缩	638	1	0
真空分离技术	639	1	0
真正的和田玉鉴别视频	640	1	0
甄执全集爱奇艺	641	1	2
针灸临床杂志+投稿	642	1	0
征文暑期按排	643	1	0
知道自己有孩子了是什么感觉	644	1	0
指挥中心竞争演讲稿	645	1	0
纸叠战车	646	1	0
制服金种子成人视频	647	1	0
中国广播电声乐团	648	2	0
中国黄色快播视频	649	1	0
中国商务部直销牌照	650	2	1
中国移动吉林话费详单	651	1	0
中国音超+奇艺	652	1	0
中国装甲运兵车	653	1	0
中合集团	654	1	1
中华广场+三楼	655	1	0
中考数学压轴题集训	656	3	0
中央电视台一套在线直播	657	3	1
中英文简历模板	658	1	1
钟汉良林志颖真实关系	659	1	0
终极一班之雨雪之恋	660	1	0
终结者5快播	661	5	2
重庆奉节二手车	662	1	0
重庆腾讯新闻	663	1	0
重生华夏第一世家的小说	664	1	0
重生之官道鬼才	665	1	1
重生之生活在农村	666	1	0
周永清	667	1	0
周+大老虎已经被抓	668	7	1
诛仙之青云小师叔	669	1	0
竹内ぁぃ老师在线播放	670	1	0
主角是女性的黑道小说	671	1	1
转让钢模板	672	1	0
装饰施工图的线型用那几号	673	1	0
撞击电视剧快播	674	1	1
追女孩每天一条短信	675	1	0
资本运作领导讲话视频	676	1	0
自以意识别之+遂通其义	677	1	1
自由企业家励志创业	678	1	2
走近科学鬼魂全视频	679	1	0
足疗治病扬弈讲座视频	680	1	0
足球2013签不签马塞洛	681	1	0
组织架构在哪里制作比较的简单	682	1	0
最逵蜗反鸢赴镏小学生坐上小车	683	1	0
最搞笑的高三誓师大会视频	684	1	0
最好听的女孩名字百分之一百姓王	685	1	0
最驾缘	686	1	0
最简单宝宝鞋编织视频	687	1	0
最完美的躯体	688	1	0
最新色小说	689	1	0
做人流视频	690	2	1
座谈会新闻稿	691	1	0
郫县犀浦傲城小升初	692	1	0
闫海峰	693	1	0
灞桥红旗街办向阳沟村	694	1	0
昊源集团	695	1	0
滕州滨湖王堂村	696	1	0
炫舞连击天王称号	697	3	1
睿+字含义	698	1	0
瓠子的营养价值	699	1	0
魅族mx3系统更新3.4.5	700	2	0
麝香八宝王	701	1	0
02j331地沟及盖板	702	3	1
1米×1米的45钢板	703	1	0
100道门	704	4	0
11J515	705	1	0
14款东风日产新奇骏试驾视频	706	1	0
14016期双色球蓝色妖姬推荐号	707	1	0
160A用多大铜排	708	1	0
2月有什么节日	709	1	0
20兆瓦+无功补偿	710	1	0
2008春晚直播全集回放	711	1	0
2010中发办5号	712	1	0
2012年高考选专业	713	1	0
2013两会召开的意义	714	1	0
2013明星三缺一光碟序号	715	1	0
2013销售工作计划模板	716	1	0
2013-2014cba季后赛1/2决赛安排	717	1	0
2014/4月有什么节日	718	1	0
2014海关体检名单	719	1	0
2014昆仑决格斗赛比赛视频	720	10	3
2014年大学放假安排	721	1	0
2014年2月27日QQ腾讯新闻	722	1	0
2014年2月28日3D彩票号	723	1	0
2014上海房地产公司名单	724	1	0
2014职称英语理工a考前免费视频	725	1	0
2014注会考试时间安排	726	1	0
20140228期今日开庭	727	1	0
2020.com高清	728	1	0
21:45浦东国际机场T123:35	729	1	0
25人AG黑索解说视频	730	1	0
2xl是多大号	731	3	0
30万suv车评价最好车	732	1	0
333事故车	733	1	0
360老板	734	1	0
360007基金净值	735	1	0
4399皮卡堂送号	736	1	1
52393+自由之门	737	1	0
55座宇通大巴倒车镜	738	1	0
56人体艺术	739	1	0
58阜新手机号	740	1	0
7.06+字体	741	1	0
802绿钻冠号	742	1	0
90后摸鸟门事快播	743	1	0
91玩海贼王	744	3	1
CAD图怎么压缩	745	1	0
CSEACF+KC05	746	1	0
CSV5	747	1	0
ESCEL+子菜单	748	1	0
LOL6杀争夺战+卡了，进不去	749	1	0
List对象是否为空	750	1	0
MICRISIFT+VISUAL+FOXPRO怎么赋值	751	1	0
PAR%	752	1	0
PROE运动仿真定义3D接触	753	1	0
QQ611用的发动机型号	754	1	0
Qualcomm++HS-USB++Diagnostics++9025	755	1	0
SAMA+385	756	1	0
SkyAngelVol.133白虎女优	757	1	0
THE+Opening+Of+Misty+Beethoven有雾贝多芬的公开赛+(1975	758	1	0
YY小号	759	2	0
abs130+avi快播	760	1	0
angelababy最大尺度演出视频	761	3	1
b超NT范围值	762	1	0
c从即墨怎么去德泰线业	763	1	0
c2瑞沃自卸车	764	2	0
c50中国红提车	765	1	0
cdk淘号	766	1	0
cf兰小说	767	1	0
cf沙漠灰双人花式视频	768	1	0
cf什么时候倒闭	769	2	3
chaxunxiaomi.com95482072151369532765	770	1	0
cos九条望实	771	1	0
dnfe3攻略视频	772	1	0
excel统计表格模板	773	1	2
h版海贼王h版快播	774	1	0
htpp//211.142.37.152:85	775	1	0
ios+gps+坐标系	776	1	0
jenna+haze快播	777	1	0
jy新广告未删减	778	1	0
lol大发明家六杀视频	779	1	0
lol今天为什么进不去	780	1	0
my147台球赛事直播	781	4	1
nba过人篮球视频	782	1	0
ppt做个人简历模板	783	1	0
putong魔术	784	1	0
qq飞车活动专区送雷洛	785	1	0
qq飞车挖海量宝藏视频	786	1	0
qq降龙在线玩怎么上九	787	1	0
qq每天最多写几个说说	788	1	0
qq帐号存在被盗风险	789	2	0
sheshe555	790	1	0
spb16.5	791	1	0
t台无下装内衣秀视频	792	2	1
uc/os移植文档	793	1	0
v着	794	1	0
world文档	795	1	1
www.house.365	796	1	0
wwww.s145	797	1	0
xh-95	798	1	0
xy烈焰为什么上不去	799	1	0
yy字体	800	1	0
z510+i5	801	1	0
《我是歌手2》半程“七宗最”之四：最强后援团	802	1	0
【++++】射日	803	1	0
，不充电时信	804	1	0
つばさ先生の诱惑授业	805	2	0
カクイイ系	806	1	0
阿尔法润康	807	1	0
阿曼国王生日	808	1	0
艾格曼集团	809	2	0
安装卷帘门	810	3	0
奥迪车牌尾数901是谁的车	811	1	0
奥格瑞玛去深岩之洲的传送门	812	1	0
奥拉星源打法实战视频	813	1	0
奥力得轮胎	814	1	0
奥运说课稿	815	1	0
巴萨+梅西+小罗+关系	816	1	0
霸气的团队队名和口号	817	1	0
白海芋有什么意义	818	1	0
百度插插插	819	1	0
百佳二手车	820	1	0
百色二手东天井汽车	821	1	0
包装纸箱制作工艺	822	1	0
保定爱亚卡普	823	1	0
保定凌鹰	824	1	0
保卫萝卜2之极地冒险	825	1	1
宝莲灯爱奇艺	826	3	0
北京到塘沽长途汽车	827	1	0
北京顶级牛排	828	1	0
北京夫妻qq交流群号	829	1	0
北京市脚蹬三轮车	830	1	0
北京现代悦动自燃视频	831	1	0
北京有没有体育彩票11选5	832	1	0
北京洲海集团	833	1	0
北京rextable链板	834	1	0
本影片的播放需要本站专用播放器点播请先安装+本站专用播放器安装完成后请刷新页面或按F5	835	1	0
毕业生找实	836	1	0
变形记李耐阅手臂照	837	1	0
表扬工作认真的表扬信	838	1	0
冰之公主殿下小说	839	1	0
波多野结衣肛交快播在线播放	840	1	0
波兰性比赛现场直播	841	3	0
不打马赛克的撸管视频	842	3	1
不倒翁的做法视频	843	1	0
不锈钢排水板	844	1	0
步步试情区区一日	845	1	1
财税2006162号	846	1	0
财税2007+61号	847	1	0
财务控制主体	848	1	0
彩电一直模糊不清	849	1	0
残疾人就业指导员培训	850	4	3
沧州家用太阳能发电板	851	1	0
插花技术	852	3	0
常熟赶集网拼车	853	1	0
肠粉培训	854	1	0
超强大脑第四期现场直播	855	1	1
超兽武装之仁者无敌55	856	1	0
朝阳新闻	857	2	0
车祸成值物人怎么赔偿	858	1	0
澈思叔叔	859	2	0
城市型车	860	1	0
城市雨水排放	861	1	0
成都到天津汽车	862	1	0
成都改装边三轮摩托车	863	1	0
成都火车北站到青城山动车	864	1	0
成都人工工日	865	1	0
成宫琉璃作品番号	866	1	0
诚实集团	867	1	0
虫虫闹翻天爱奇艺	868	2	0
初三美国知识体系	869	1	0
储气罐存放	870	1	0
触手有声小说	871	1	0
穿越肉文心慌慌	872	2	0
春分傅渝	873	1	0
春回大地+万物复苏	874	2	0
淳安县中洲镇叶村	875	1	0
从车公庄到崇文门	876	1	0
从南焦客运站到41中坐几路车	877	2	0
从破冰到融冰，从迎春到暖春，中日关系	878	1	0
从特种兵到高官:官场妖孽	879	1	0
醋泡姜的药用价值	880	1	0
崔彦云书法字体	881	1	0
错点鸳鸯的QQ号	882	1	0
错放你的手搜弧视频	883	1	0
大海改编+++我爸是李刚	884	1	0
大奶子女日	885	1	0
大唐无双2聪颖怎么抓	886	1	0
大真相系列之怪兽之谜	887	1	0
带颜色爱心符号	888	1	0
带着空间穿红楼	889	1	1
淡漠写出我的美含义	890	1	0
道窖新闻	891	1	0
道州贺州的汽车	892	1	0
灯刺闪避+极品飞车	893	1	0
抵达航站楼	894	1	0
地狱使者重返人间2视频	895	1	0
电大本科班有什么专业	896	1	0
电脑摄像头出现感叹号	897	1	0
蝶恋花的意义	898	1	0
谍战小说	899	1	0
东北二人转张可的唢呐	900	1	0
东方欧斯卡之夜视频	901	1	0
东京热一女多男，高清	902	1	0
东平县旧县乡旧县一村	903	2	0
逗比的含义	904	2	0
读者投稿	905	10	9
兑换类小说	906	2	0
俄罗斯姑娘在小城快播	907	3	1
恩泽医疗中心挂号	908	1	0
儿童学习舞蹈的基本动作视频	909	1	0
二级建造师水利水电专业+考哪几门	910	1	0
发党群文件给河南省纪委哪个部门	911	1	0
番禺市桥怎样去东华东路363号	912	1	0
反对四风承诺	913	1	0
非诚勿扰美女裸照	914	1	0
飞度全景天窗二手车	915	1	0
飞机座位选号	916	1	0
飞天数码影视培训	917	1	0
封神英雄榜大结局75	918	1	0
封神英雄榜演员陈键锋的脚	919	2	0
风情++热装+++裸体	920	1	0
凤凰大视野异国青春5	921	1	0
福克斯发动机底护板	922	1	0
副乡长分管工业	923	1	0
富平贩婴案最新新闻	924	1	1
甘肃省嘉峪关市小学教研员属于哪个部门	925	1	0
感车	926	1	0
刚刚办好摩托车驾照如何马上在办C1J驾照	927	1	0
钢笔工具怎么描线条	928	1	0
高等教育+财务管理学+讲义	929	1	0
高中历史必修二+水利工程衰败+农业力衰减	930	1	0
告禀释义	931	1	0
哥哥和妹妹睡觉	932	1	0
葛优为什么离开冯小刚	933	2	0
个性写PSD真素材模板	934	1	0
各种民族的节日	935	1	0
给自己老婆剪长发视频	936	1	0
工程管理培训	937	2	0
工程类是指哪些行业	938	1	0
公文常见文体	939	1	0
购物QQ群号	940	1	0
孤单北京天安妇科最专业	941	1	0
鼓书一女二夫2集+视频	942	2	0
关于房价的最新新闻	943	2	0
关于在二级建造师资格考试中试行考后资格审查的通知》(浙人社发〔2014〕25号	944	1	0
官场共用情妇小说	945	1	0
冠群驰骋营业执照	946	1	0
广场舞雪山阿佳24步+教学视频	947	1	1
广州俄罗斯美女上门	948	1	0
广州凰岗到小平立交公交车	949	1	0
广州沙面哪里适合拍照	950	1	0
广州市食品药品监督管理局企业	951	1	0
贵人御膳	952	1	0
贵阳未婚证明模板	953	1	0
贵阳+公交车	954	1	0
贵州电视2台网络直播	955	2	0
贵州一台现场直播	956	1	0
国产夫妻自拍做爱视频	957	1	0
国旗下讲话我的中国梦演讲稿	958	1	0
过期药品回收	959	1	0
海南新闻频道夜线60分新闻	960	1	0
海南之谜	961	1	0
海云台办公楼	962	1	0
韩国女主播在线直播	963	1	0
韩国语教学视频	964	1	0
寒冰怎么玩+视频	965	2	1
航空通信	966	1	0
豪华门	967	1	0
好了015	968	4	1
好听的网名不带符号	969	1	0
何为是否涉和产品直接接触	970	1	0
河南安阳到辽宁的火车	971	1	0
河南封门	972	1	0
河南鹤壁浚县三角村叫马瑞莹的QQ号	973	1	0
河南商丘民权腋臭微创手术	974	1	0
河南省单招考试时间安排	975	1	0
贺州科隆粉体	976	1	0
黑道圣徒4视频	977	1	0
黑龙江省绥化市中直南路68号	978	3	2
黑木麻衣+动き女人2008年4月2日	979	1	0
恒华远通++培训	980	1	0
鸿运当头的养殖扦插	981	2	0
洪洞女人视频	982	1	0
候门枭宠小说	983	1	0
湖北嘉鱼长江大桥	984	1	0
湖北经视关于提高农村义务教育阶段教师工资的新闻	985	1	0
湖南卫视在线直播隋唐英雄4+++75	986	1	0
湖南卫视直播在线观看高清	987	19	5
花都区梯面镇横坑村百亩樱花园点去	988	1	0
华川公路建设集团	989	1	0
华为s8520双清	990	1	0
黄豆酱的营养价值	991	1	1
黄金地2档	992	1	0
回族传说	993	1	0
会计6要素的关系	994	1	0
会议新闻的定义	995	1	0
婚宠撩人,军长坏坏	996	8	4
婚姻门	997	1	0
混凝土空心++%	998	1	0
火炬之光2所有mod职业	999	1	0
基金会的业务主管部门	1000	1	0
鸡蛋怎么样吃是最补身体	1001	1	0
吉审玉2007039号	1002	1	0
极致情缘	1003	3	0
疾风剑豪皮肤视频	1004	1	0
济南火炬东第+3号楼	1005	1	0
济南中润万家楼	1006	1	0
记者暗访东莞休闲中心视频	1007	3	0
记+繁体	1008	1	0
家长写给老师的一封信	1009	1	1
家风家规家训	1010	5	3
家庭系	1011	1	1
假阳具小说	1012	1	0
健康之路看尿色话健康	1013	1	0
剑灵血条位置摆放	1014	1	0
建设汽车模拟驾驶培训中心的意义	1015	1	0
建筑之家全部文档	1016	1	0
建瓯到三明汽车	1017	1	0
姜广策微信	1018	1	0
姜敏赫郑秀晶什么关系	1019	1	0
江西大余新城新闻	1020	1	0
降0声都降	1021	1	0
交流电低频中频高频	1022	1	0
交通事故逃逸保险赔偿	1023	1	0
交通事故同等责任赔偿	1024	1	0
教师研修网远程培训	1025	1	2
结合基因表达、温度与酶的关系	1026	1	0
结合上述材料+试分析保持物价稳定的民生意义	1027	1	0
金春彦	1028	3	3
金华永康新闻	1029	1	0
金婚里的小苏	1030	1	0
今天灵璧到合肥汽车	1031	1	0
进口低速四轮电动车	1032	1	1
近半年国内事故新闻	1033	1	0
京欣二号	1034	3	0
精心组织+统筹安排	1035	1	0
精湛工艺	1036	1	0
经过燕子山路北口的车	1037	1	0
九江水天玲珑湾	1038	1	0
狙击部队电视剧爱奇艺	1039	4	2
巨弹艺术	1040	1	0
巨神战击队玩具三合体	1041	1	1
军中女歌手张	1042	1	0
俊卡通充值	1043	4	1
卡尔史托斯内窥镜	1044	1	0
开发公司质量保证体系	1045	1	0
开封最新新闻小女孩坠楼	1046	1	0
开学初安全工作视频	1047	1	0
楷模家具销售视频	1048	1	0
坎巴拉计划月球车	1049	1	0
康复排痰训练视频	1050	1	0
空间批量删除说说	1051	1	0
口袋海贼王视频	1052	1	0
酷游国际锂电车	1053	1	0
昆明冰雪奇缘	1054	1	0
昆明二手车市场面包车	1055	1	0
昆夏高速公路什时规划通车	1056	1	0
拉线捕猎机捕野猪视频	1057	1	0
辣椒营养盘育苗技术视频	1058	1	0
老板与员工的关系	1059	1	0
老兵+赵本山+快播	1060	9	5
老式军用舰艇皮靴	1061	1	0
磊科无线路由器帐号	1062	1	0
类似晓青老师的小说	1063	1	1
类似于异世魔皇的小说	1064	1	0
类似远古伊甸的小说	1065	1	0
冷笑话2月28日	1066	1	0
李敏镐最丑素颜照	1067	1	0
李明浩春晚视频	1068	2	4
李玟演唱会快播	1069	1	0
李晟张睿小说	1070	3	0
历届四川省委书记名单	1071	1	1
历史军事穿越小说	1072	2	0
立花美凉作品番号	1073	1	0
恋爱之城之爱在响螺湾	1074	1	1
梁山一百单八将名单	1075	1	0
辽宁承包乡镇卫生院回收	1076	1	0
辽宁舰15人牺牲名单	1077	6	1
辽阳小屯传说	1078	1	0
临西2手车	1079	1	0
临沂木地板	1080	1	0
临沂市兰山区庙上一共有几路公交车	1081	1	0
灵狐者爱情小说视频	1082	1	0
灵异森林解剖女尸视频	1083	1	0
刘伯温官网112555	1084	1	1
六角括号	1085	3	1
六年级毕业联欢会主持稿	1086	1	0
龙陈新日电动车	1087	1	0
龙岩到连城火车	1088	1	0
鲁R.ce019车牌号	1089	1	0
路径依赖	1090	1	0
吕珍九金素贤吻戏花絮	1091	1	2
绿箭侠215	1092	1	0
萝卜企业	1093	1	1
罗通娶几个老婆	1094	1	0
洛克王国圣诞麋鹿王	1095	1	0
马达加斯加的企鹅爱奇艺	1096	1	0
马年娶什么老婆	1097	1	0
马年元宵晚会直播	1098	1	1
马桶垫的编织方法视频	1099	1	0
卖率悠	1100	1	0
忙并快乐着	1101	1	0
莽荒记有声小说	1102	1	0
美底特律剧院礼堂泊车	1103	1	0
美国小男孩与警察飚车	1104	1	0
美容院员工工资表模板	1105	1	0
美熟女紫彩乃+快播	1106	1	0
美+早已女+快播	1107	1	0
猛鬼差馆快播	1108	1	0
迷你新闻	1109	1	0
免费借QQ飞车号	1110	1	0
敏而好学的敏的古义今义	1111	2	1
明星性交视频	1112	1	0
名侦探柯南诡异宅院大冒险	1113	1	0
模拟人生3世界冒险	1114	4	0
魔盗小说	1115	1	0
魔法花园第五章第一关视频	1116	1	0
魔域私服变形金刚	1117	1	0
某商场把一台空调按标价的八折出售认可获利10%	1118	1	0
某商场在一次买卖中同时卖出两件商品，共收	1119	1	0
母娘乱馆动画快播播放	1120	1	0
母猪小挑花视频	1121	1	0
目二大型车考试视频	1122	1	0
那27个事业单位急聘人才	1123	1	0
南昌华约自主招生培训	1124	1	0
南方养羊技术	1125	1	0
南宁外出打工多的村	1126	1	0
南通博友驴业	1127	1	0
男学生和女老师暗恋	1128	1	0
男主病态偏执的小说	1129	1	0
挠10岁小女孩脚心视频	1130	1	1
内控制度目标与体系	1131	1	0
宁夏永宁黄河公路大桥	1132	1	0
农产品物流的定义	1133	1	0
农村+企业	1134	1	0
农民频道在线直播	1135	1	0
女穿越追鱼传奇小说	1136	1	0
女儿和我发生过关系小说	1137	1	3
女孩学什么技术好创业	1138	1	0
女人为何要与男人发生关系	1139	1	0
女主是东方不败的小说	1140	1	0
欧宝莱门业	1141	2	0
欧美人12岁体艺术	1142	1	0
派递邮叔叔	1143	1	0
配送退货	1144	1	0
膨化食品加工机械	1145	2	1
皮卡堂怎样加入家族	1146	1	0
葡萄扒土机械化视频	1147	1	0
普通扑克打牌戒指作弊器视频	1148	1	0
企业档案管理培训	1149	1	0
启业	1150	1	0
汽车国五标准相关新闻	1151	1	0
牵手符号	1152	1	0
强行进入美女身体小说	1153	5	2
乔四爷葬礼视频	1154	1	0
青岛海一家地板	1155	1	0
青岛金口路公交车	1156	1	0
青岛哪里销售高速ETC充值	1157	1	0
青海青稞酒业集团	1158	1	0
青涩禁果快播	1159	2	0
倾尽一世宠溺19楼	1160	1	0
倾世皇妃马湘云舞蹈视频	1161	1	0
晴美国际美容连锁集团	1162	1	0
情陷美女老板	1163	1	0
求侠骨丹心公孙燕的同人小说	1164	1	0
全国木门30强企业	1165	1	0
全职猎人+奇迹冒险	1166	1	0
雀梅盆景剪枝技术视频	1167	1	0
群众路线学习安排	1168	1	0
让女人欲仙欲死的做爱视频	1169	1	0
热度：164804+热血海贼王	1170	1	0
人工骨骼技术	1171	1	0
日本东京热++快播	1172	1	0
日本学生人体艺术	1173	1	0
日本夜店快播	1174	1	0
日本玉足+快播	1175	1	2
绒线编织入门	1176	1	0
如何设置个性QQ主现账号	1177	1	0
如何投诉百度快照	1178	1	0
如何写信息稿	1179	1	0
如何+撤销淘宝账号	1180	1	0
如图，依据图形找出能使AD平行BC成立的至少五个条件视频	1181	1	0
如图，折叠矩形纸片ABCD的一边AD，是点D落在BC边的点F处，已知折痕AE=5	1182	1	0
赛尔号金斯特打法视频	1183	1	0
三级教育培训	1184	1	0
三星9260换外屏视频	1185	1	0
三星AA1D106KS手机型号	1186	1	0
三诏庭	1187	1	0
刹车场卖车	1188	1	0
山地车和公路车哪个更锻炼身体	1189	1	0
山西吕梁岚县结婚视频	1190	1	0
山西润和置业	1191	1	1
山西永济赵姓	1192	1	0
上厕所时粘稠的液体	1193	1	0
上海别克凯越二手车	1194	1	0
上海到秦皇岛动车	1195	1	0
上海电动自行车临时牌照	1196	1	0
上海市民信息网王	1197	1	0
上海市闵行区七莘路3128弄25支弄1~24号	1198	1	0
上饶县煤炭局俞大清	1199	1	1
烧烤食品清单	1200	2	0
少儿法语单词在线视频	1201	1	0
少数民族的字体	1202	1	0
身份证号买过的手机号	1203	1	0
深圳人力资源实战培训	1204	1	0
深圳正定汽车	1205	1	0
神鬼幻想职业	1206	1	0
神剑情天3极品初始存档	1207	1	0
神秘三公主的爱恋	1208	1	0
神奇宝贝之小圣	1209	1	0
神武烧烤怎么去	1210	1	0
肾结核肾萎缩	1211	1	0
肾门	1212	1	0
圣保罗生态板	1213	1	0
十信	1214	1	0
十堰热门发展行业	1215	1	0
什么的时候+日子从什么过去	1216	1	0
什么是缩量拉板	1217	1	0
始终保持+始终坚守++始终牢记++始终++始终	1218	1	0
世界斗犬打架视频	1219	1	0
世界猛犬与狼打斗视频	1220	1	0
世界森林日	1221	2	1
世界著名中小企业	1222	1	0
适合班会课看的视频	1223	1	0
试管香蕉技术	1224	1	0
手自一体车行驶时是先换挡还是先踩杀车	1225	1	0
首长大人找上门	1226	1	1
守护甜心第四季什么时候播	1227	1	0
守护甜心几梦怀孕小说	1228	1	0
书友小说	1229	1	1
蜀山传奇先天混元胎	1230	1	0
鼠大王职业比赛视频	1231	1	0
水墨竹子画技法视频	1232	1	0
说明自己无聊的说说	1233	1	0
四川孙缘	1234	1	0
四十年来，中国之大事，无不与李鸿章有关系	1235	1	0
松本麻里奈+所有作品剧照	1236	1	0
送男朋友钱包的含义	1237	1	0
苏州人民医院网上挂号	1238	1	1
速度定义	1239	2	0
蒜和蒜苔什么关系	1240	1	0
索契短道速滑女子张红决赛视频	1241	1	0
台湾大脸鸡排	1242	1	0
谭旭日	1243	1	0
汤包扫文专用号	1244	1	0
塘角鱼养殖视频	1245	1	1
唐悠悠吻戏视频	1246	1	0
唐嫣的脚	1247	1	0
淘宝刚开的怎么换成专业板	1248	1	0
淘宝交话费后显示交易关闭	1249	1	0
淘宝天天九块九	1250	1	0
特码王	1251	2	1
天成带锯条	1252	1	0
天龙八部怎么上不去号	1253	1	0
天猫培训	1254	1	0
天山童姥微博号	1255	1	0
天梭手表035	1256	1	0
天下3怎么买号	1257	1	0
挑战自动泊车+你这么聪明你家人造吗？播	1258	1	0
贴合技术	1259	1	1
铁链的规格型号	1260	1	0
铜陵学院2013年专升本专业	1261	1	0
偷拍女浴更衣室视频	1262	1	0
图文消息图片传不上去	1263	1	0
团结奋进演讲稿	1264	1	0
推荐言情小说	1265	1	0
外商投资产品出口企业	1266	1	0
王财贵经典教材繁体	1267	1	0
王宏钦	1268	1	0
王梦溪未经处理雅视频	1269	3	0
王思佳+百度新闻	1270	1	0
网名大全2014最新版的带符号	1271	39	13
网名繁体字带符号	1272	1	2
网上情缘歌普	1273	1	0
网输串号收到刷机短信	1274	1	0
网速测试+电信	1275	60	16
网速在线测试+电信	1276	1	0
微创集团	1277	1	0
微信摇的女孩，聊的嗨就加Q传给我她的手机自拍照	1278	1	0
微星ge60剑灵能玩几档	1279	3	0
违章几次现场托车	1280	1	0
为什么电脑老是出现windows未正常关闭	1281	1	0
为什么发不了私信	1282	1	0
为什么要对美丽乡村竣工验收	1283	1	0
为什么一吃火气东西，下巴上就长驼	1284	1	0
为什么英魂之刃进不去	1285	1	0
温州肯恩大学三位一体	1286	1	0
温州鞋厂火灾死亡名单	1287	1	1
文化教育类专业	1288	1	0
文明活动言讲稿	1289	1	0
翁虹挡不住的风情快播	1290	1	0
我的教师梦演讲稿	1291	1	0
我的梦里都是你说说	1292	1	0
我的世界超大存档	1293	1	0
我干姥姥小说	1294	1	0
我和女朋友的母亲发生过关系	1295	5	2
我是歌手第二季湖南台直播	1296	1	0
我问一个小孩子：“什么是爱？”+小孩回答说：“爱就是当小狗狗添你的脸时”，我笑了，但他接着说	1297	1	0
我22日来的月经，请问那天是排卵日	1298	1	0
无形资产定义	1299	1	0
芜湖矿乐阀业	1300	1	0
吾爱插	1301	2	0
吴江到上海虹桥	1302	1	0
武安飞龙歌舞团2013年舞蹈视频	1303	1	0
五“弟”不好惹19楼	1304	1	0
五菱荣光配件报价单	1305	1	1
戊日	1306	1	1
西安天宇航空	1307	1	0
西南交通大学2013复试名单	1308	1	0
西南11J515	1309	1	0
吸血鬼日记凯瑟琳的古装剧照	1310	1	0
稀饭外挂咋弄无限子弹视频	1311	1	0
希特勒上台几月几日	1312	1	0
习仲勋与佛缘	1313	1	0
媳妇跟婆婆	1314	1	0
喜马拉雅山拍到龙视频	1315	1	0
喜洋洋之灰太狼之飞马奇遇记快播	1316	1	0
洗衣液配方谁有说说	1317	1	0
戏曲老电影风雨奇缘	1318	1	0
夏浅熙	1319	1	0
咸菜怎么条	1320	1	0
显示器+调暗	1321	1	0
现代生子温馨耽美小说	1322	1	0
现在美容美发企业	1323	1	0
香港陈玉莲三级连体	1324	1	1
想念张小娴	1325	1	0
小车前5号名车	1326	1	0
小孩毛线鞋的织法视频	1327	1	1
小猪猪之变身小英雄爱奇艺	1328	1	0
校园yy小说	1329	3	0
写给监狱里人的信	1330	1	0
锌的符号	1331	1	0
新疆青少年出版社高效课堂三年级语文寒假作业	1332	1	0
新浪原创小说	1333	1	1
新梦幻西游序列号	1334	1	0
新入职发言稿	1335	1	0
新世界美团	1336	1	0
新益机械	1337	1	0
忻州2013年廉租房公示名单	1338	1	0
信鸽拉稀吐食怎	1339	1	0
信鸽2011-32-1155765	1340	1	0
信托投资的风险	1341	1	0
星辰变洞府战决赛直播	1342	1	0
星星影院快播	1343	1	0
性感少妇快播	1344	1	0
修电视机师傅	1345	1	0
学习男发理发修剪视频	1346	1	0
学校地球日	1347	1	0
学校群众路线教育实践活动动员稿	1348	1	0
学校卫生室药品清单	1349	2	0
雅典娜及赫	1350	1	0
雅科仕JS35	1351	1	0
雅俪达木门	1352	1	0
亚麻油冷榨和热榨	1353	1	0
亚洲人做爱视频	1354	1	0
延吉+大蒲柴河+新闻	1355	1	0
颜色的对冲	1356	1	0
央视女主播内衣脱落视频	1357	65	30
杨姓	1358	3	1
杨羽安宁结婚照	1359	3	0
养画眉鸟小窍门	1360	2	0
叶罗丽精灵梦爱奇艺	1361	24	17
一二于崔克自行车	1362	1	0
一个圆柱形水槽，底面积是225	1363	1	0
一年级读书报告单	1364	1	0
一师阿拉尔电视台2014年2月25日新闻	1365	1	0
一晚要了老婆	1366	1	0
一夜晴qq号	1367	1	0
医生锦旗模板	1368	1	0
医生可做的副业	1369	1	0
伊g美春　Ｅ－ＢＯＤＹ在线播放	1370	1	0
移动手机设置彩铃	1371	1	0
已知a为实数求代数式根号a+2-根号8-4a+根号-a的平方的值	1372	1	0
益阳欧尚门业	1373	1	0
音乐培训	1374	1	0
阴毛比较多的av女优	1375	1	0
英语作文+关于专业	1376	1	0
迎宾小区+美术	1377	1	0
永康三自基督教怎么坐公交车	1378	1	0
幽游白书同人完结小说	1379	1	0
优酷英雄联盟新赛视频	1380	1	0
有关安全的致家长的一封信	1381	1	0
有无徒步俱乐部会徽	1382	1	0
有用的微信号	1383	1	0
有wifi的mp5	1384	1	0
幼儿园家长会家长发言稿	1385	2	0
幼儿园教师个性承诺	1386	1	0
幼女3穴中出快播	1387	1	0
鱼干怎么做好吃又简单	1388	1	0
禹城实验小学成绩单	1389	1	0
玉女心经之玉蒲团	1390	1	1
豫剧民间小调武大狼开店+视频	1391	1	0
元贝驾考摩托三轮车	1392	1	0
元创木工机械	1393	1	0
原始传奇170复古	1394	1	0
园林绿化二级资质企业	1395	1	0
院党总支会议++新闻稿	1396	1	0
孕妇分挽视频	1397	1	0
在台山车站到富都温泉怎样坐车	1398	1	0
责任使命演讲稿	1399	1	0
怎么查SIM卡里面的手机号	1400	1	0
怎么搞5678位qq号	1401	1	1
怎么看好友的微信号	1402	1	0
怎么通过腾讯微博知道qq号	1403	1	1
怎么样在word设置最大字体	1404	1	0
怎样才有一个健康的身体	1405	2	0
怎样查看自己的显卡型号	1406	1	0
怎样在同一个Excel中打开2+个文档	1407	1	0
怎样找回58的账号	1408	1	0
怎样做大豆腐视频	1409	1	0
张根锡女性照	1410	1	0
张家赫	1411	1	0
招远新车	1412	1	0
找回qq号	1413	4	4
照顾义父快播	1414	1	0
折磨女红军酷刑视频	1415	1	1
真封神演义神木村视频	1416	1	0
真人单挑技巧视频	1417	1	0
枕边有张脸酷六视频	1418	1	0
镇安县2012廉租房公示名单	1419	1	0
镇江到虹桥	1420	1	0
争当最美检察官演讲稿	1421	1	0
郑源+陶钰玉2009不是寂寞才想你对唱视频	1422	1	0
制冷技术	1423	3	1
智慧树20142月全集播放	1424	1	0
中菲黄岩岛对峙	1425	1	0
中管训	1426	1	0
中国达人秀第五季1月5	1427	2	0
中国国内老百姓宿舍偷拍洗澡换衣还听见说话快播	1428	1	0
中国科学院大学外文系	1429	1	0
中国联通ESS工号	1430	2	0
中国武林大会高手拆招视频	1431	1	0
中国武僧实战第一人ko泰拳视频	1432	2	0
中国相信	1433	1	0
中环路２０２号	1434	1	0
中纪委、审计署（1996）17号	1435	1	0
中南民族大学校训	1436	1	0
中评网新闻	1437	2	2
中学生做爱视频	1438	4	0
中央电视台7套在线直播	1439	1	2
中医药膳	1440	1	0
重庆卓远造价咨询与实训	1441	1	0
朱宏嘉是不是唐马儒	1442	1	0
主攻	1443	2	0
驻马店到云宵动车	1444	1	0
追准+++++++++++++++++++++++++++++++++++将建军节距uuuuuuuuuuuuuuuuuuuuuuuuuuuuuuuuuuuuuuuuuuuuuuuuuuuuuuuuuu+不会num8wwwwww++++++++++++++++++++++++++++++++++++++++++++++++++++++++++++++++++++++++++++++++++++++++++++++++++++++++++++++++++++++++++++++++++++++++++++++++++++++++++++++++++++++++++++++++++++++++++++++++++++++++++++++++++++++++++++++++++++++++++++++++++++++++++++++++++++++++++++++++++++++++++++++++++++++++++++++++++++++++++++++++++++++++++++++++++++++++++++++++++++++++++++++++++++++++++++++++++++++++++++++++是事实上事实上事实上事实上事实上事实上事实上事实上事实上事实上事实上事实上事实上事实上事实上事实上事实上事实上事实上事实上事实上是事实上事实上事实上事实上事实上事实上事实上事实上事实上事实上事实上事实上事实上事实上事实上事实上事实上事实上事实上事实上事实上是事实上事实上事实上事实上事实上事实上事实上事实上事实上事实上事实上事实上事实上事实上事实上事实上事实上事实上事实上事实上事实上是事实上事实上事实上事实上事实上事实上事实上事实上事实上事实上事实上事实上事实上事实上事实上事实上事实上事实上事实上事实上事实上是事实上事实上事实上事实上事实上事实上事实上事实上事实上事实上事实上事实上事实上事实上事实上事实上事实上事实上事实上事实上事实上是事实上事实上事实上事实上事实上事实上事实上事实上事实上事实上事实上事实上事实上事实上事实上事实上事实上事实上事实上事实上事实上是事实上事实上事实上事实上事实上事实上事实上事实上事实上事实上事实上事实上事实上事实上事实上事实上事实上事实上事实上事实上事实上是事实上事实上事实上事实上事实上事实上事实上事实上事实上事实上事实上事实上事实上事实上事实上事实上事实上事实上事实上事实上事实	1445	1	0
子牛茶业	1446	1	0
自传体小说	1447	1	0
自卫棒用法视频	1448	1	0
自吸式抽水机视频	1449	1	0
自星星的你女二号	1450	1	0
自制++酾车视频	1451	1	0
总线上的音频设备出现感叹号	1452	1	0
走在喜马拉雅	1453	1	0
最恶心的男女接吻视频	1454	2	0
最厉害的奥奇传奇号	1455	1	1
最强军团	1456	1	0
最新除皱术	1457	1	0
最淫荡熟女视频	1458	2	0
最终幻想-圣童降临5	1459	1	0
左右眼与左右脑的联系	1460	1	0
坐在脸上+骑颜播放	1461	3	1
兖州到梁山的汽车	1462	1	0
薰衣草怎么插	1463	1	0
崂山北九	1464	1	0
妃夕妍雪漫画全集视频	1465	2	0
炫舞怎么获得单身贵族称号	1466	1	0
铞州南山犬业	1467	2	0
皓字的含义	1468	1	0
鲅鱼圈港主要领导名单	1469	1	0
10.1..0.105	1470	1	0
115礼包接收	1471	1	0
11g101平法钢筋计算精讲视频	1472	1	0
139移动招	1473	1	0
150字微小说	1474	1	1
1952年腊月29+是几月几号	1475	1	0
1953年的三元钱样板	1476	1	0
20岁女孩被打屁股的视频	1477	7	4
2011北京坠楼	1478	1	0
2011高考题+全国卷人类中非秃顶	1479	1	0
2013nba骑士v湖人直播	1480	1	0
2014年家居节日	1481	1	0
2014年时装周真空走秀视频	1482	1	0
2014年学校党支部活动安排	1483	1	0
2014年2月26日乐从有线电视新闻	1484	1	0
2014年2月27日高要蚬江富佛新闻	1485	1	0
2014山西省中考培训	1486	1	0
2014深圳卫视春晚节目单	1487	1	0
2014新兴职业	1488	2	0
2014椹炬￠绉涓璇	1489	3	1
23014武林风2月25日	1490	1	0
24节气表函义	1491	1	0
29号航站楼	1492	1	0
3月8日免单	1493	3	0
315宣传照	1494	1	0
32卡一卡通充值	1495	2	0
3d福彩图谜	1496	2	1
3d2014051解太湖字谜	1497	1	0
4s店售后回访话术	1498	1	0
5月份待产包清单	1499	1	0
5.1快播	1500	1	0
5.4石狮子哪里能抓	1501	1	0
5000人民币去台湾	1502	1	0
500735	1503	1	0
53瀹跺ㄧ骇澶浼	1504	1	1
565公交车	1505	1	1
60岁生双胞胎	1506	4	2
7＞5：OPPO暗示Find+7完爆Galaxy+S5	1507	1	0
717555	1508	1	1
800块钱能买什么样的山地车	1509	1	0
A5四开门	1510	1	0
ACDSee+v5.0.1+官方简体中文版许可证号	1511	1	0
C&A属于什么行业	1512	1	0
DNF125	1513	1	0
EF家庭作业	1514	1	0
EM+宝马+提车	1515	1	0
EX760导航预警仪+支持能格式的视频	1516	1	0
GB225	1517	1	0
GTR5	1518	1	0
JB/T+4730-2005	1519	1	0
MH5008-2005	1520	1	0
QQ飞车2.0卡车	1521	1	0
QQ空间+6666666666666666+退出++mo等.`待Y+女+重庆+射手座+主人设置了权限，您可通过以下方式访问+加为好友后访问??+??加为好友+私密留言+你还可以??申请访问+想不想看看哪些访客也被您挡在外面了？黄钻让您立即知晓！+开通黄钻+精彩生活+++我的好友在玩+++反馈建议+|+官方空间+|+官方微博+|+空间应用+|+QQ互联+|+空间热度+|+QQ登录+|+社交组件+|+应用侵权投诉+|+Complaint+Guidelines+Copyright+?+2005+-+2013+Tencent.All+Rights+Reserved.+腾讯公司+版权所有+粤网文[2011]0483-070号	1522	2	0
QQ音乐怎么控制电脑的播放	1523	1	0
QQ游戏充值	1524	1	1
QQ账号申诉还是登不上去	1525	1	0
SCM5	1526	1	0
SIMATIC+NET+2005	1527	3	0
VB.NET进程间通信	1528	1	0
beautyleg+解密视频	1529	1	0
cad2013加载天正8.5	1530	1	0
cctv-12+社会与法直播	1531	1	0
cctv15梦想星搭档	1532	2	0
datagrid+添加按钮	1533	1	0
dj重低音舞曲慢摇视频	1534	1	0
dna重组的生物学意义	1535	1	0
dnf官网结婚视频	1536	1	0
dnf最牛的号	1537	1	0
dse-856+@母饲育3快播	1538	1	0
f18模拟起降	1539	1	0
honke5325	1540	1	0
iaudio+i7+视频	1541	1	0
icc曲线模板	1542	1	0
iphone5S+A1530+电信	1543	1	0
iphone5s实体照	1544	1	1
item.htm?spm=a1z10.1.7193174-5830827973.3.ojopdf&id=10827991555	1545	1	0
karina+heart+快播	1546	1	0
klk主演快播	1547	1	0
kme5com房间201视频	1548	1	0
linux+查看+机器+型号	1549	1	0
lol世界英雄排名世界第一中单	1550	1	0
lol选完英雄进不去	1551	12	1
lologn大师赛直播	1552	2	0
lols4皇子上单	1553	2	0
lp640+二手+水车	1554	1	0
minecraft星系mod+基础晶体	1555	1	0
minqian25	1556	1	1
ps烫金字颜色对比数值	1557	1	0
qq会员魔天一卡通充值	1558	1	0
qq解冻除了发短信	1559	1	0
qvod世外情缘	1560	1	0
rocco+reed+快播	1561	1	0
shell编程培训	1562	1	0
sina+nba直播	1563	2	1
sunyuliang的老婆	1564	1	0
thinkpadx201没有触摸板	1565	1	0
vc2005	1566	3	1
wifi+监控小车	1567	1	0
www.111.1.31.65	1568	1	0
www.192.168.1.225	1569	1	0
xx陷阱	1570	1	0
xxoo小说	1571	1	0
《婚前试爱》所有床戏视频	1572	3	1
《接种疫苗，保障健康	1573	1	0
《中学历史教学+》+邮发代号	1574	1	0
」制造工场でPく女たち》快播	1575	1	0
ｂａｉｄｕ	1576	3	0
阿普	1577	1	0
爱国者机箱+A5/D5	1578	1	0
爱和依赖	1579	1	0
爱花沙也+快播	1580	1	0
爱普生P50墨盒型号	1581	2	0
爱情公寓贺岁版爱奇艺	1582	2	0
安卓4.0如何备份短信	1583	1	0
芭蕾舞练功压腿视频	1584	1	0
巴巴拉拉小魔仙之奇迹舞步爱奇艺	1585	2	0
白菜猪肉粉条	1586	1	0
白道口二中元旦联欢会视频	1587	1	0
白虎,倒家煞,地囊,官符,时阴,死气,黄砂,临日,死符,五鬼,重日	1588	1	0
白石茉莉奈第4部快播	1589	1	0
班刊模板	1590	1	0
蚌埠见证取样培训	1591	1	0
蚌埠双墩新村	1592	1	0
苞米种子誉成1号	1593	1	0
包头一中优秀社团	1594	1	0
保险日	1595	1	0
保险营销话术	1596	1	0
宝马x1装什么轮胎	1597	1	0
报表间的勾稽关系	1598	1	0
报纸+冰雪奇缘	1599	1	0
北京到静宁的火车	1600	1	0
北京师范大学学2楼	1601	1	0
北京市预约挂号	1602	2	0
北京专业代办营业执照	1603	1	0
北京最专业的兰州牛肉拉面培训	1604	1	0
北京9坐金杯租车	1605	1	0
被哥哥打屁屁的小说	1606	1	0
标准论文格式模板	1607	1	0
表彰大会坐位安排	1608	1	0
冰河时代2国语版快播	1609	1	0
博大大厦615	1610	1	0
采煤机滚筒直径和截深定义	1611	1	0
残忍杀人碎尸真实视频	1612	1	0
产籽西葫芦特丰1号	1613	1	0
昌建誉峰5号楼	1614	1	0
常州金坛区号	1615	1	0
长成车	1616	1	0
长方体符号	1617	1	0
长沙有那些道路限制私家车单双日	1618	1	0
长沙中南大学附近售楼	1619	1	0
长沙+万达国际电影城+冰雪奇缘	1620	1	0
畅想外贸业务管理系统金不去	1621	1	0
超宠溺男强女强小说	1622	1	0
超级巨	1623	3	0
朝鲜美女与金正恩睡觉视频	1624	491	218
车票陕西商洛	1625	1	0
车+热点新闻	1626	1	0
成都长途汽车站到汉中的班车	1627	1	0
成都理工大学博物馆开放	1628	1	0
成人网视频	1629	5	3
成熟稳重日语怎么说	1630	1	0
诚实守信的班级口号	1631	1	0
承让百度优化培训	1632	1	0
吃军人帅哥白袜子脚	1633	1	0
崇仁到鹰潭汽车	1634	1	0
初中女学生插笔门	1635	1	3
出租车票打印字体	1636	1	0
楚门镇教育集团	1637	1	0
川劳办199619号	1638	1	0
穿越到电影魔戒的小说	1639	1	0
闯码头dj女唱歌曲串烧	1640	1	0
纯yy种马肉戏多的小说	1641	2	3
慈溪+-+童家新村	1642	1	0
刺青shuLFF男团	1643	1	0
从川沙地铁站坐车到小白路坐哪路公交车	1644	1	0
崔永元锵锵三人行视频	1645	1	0
打击盗窃宣传口号	1646	1	0
大发明家炮台怎么放	1647	1	0
大家爱看的言情小说	1648	1	0
大连教育网今日新闻	1649	1	0
大陆漂移说	1650	1	0
大事临头向前冲	1651	1	0
大丈夫演员表欧阳淼淼	1652	84	39
歹六百度眼镜换看不清	1653	1	0
代开货物运输业增值税专用发票及缴纳税款申报单	1654	1	0
氮甲+基氨基甲+酸甲+酯	1655	1	0
但斌认为那个互联网股是好企业	1656	1	0
党的群众路线教育实践活动享乐主义	1657	1	0
导地线展放	1658	1	0
德国狙神j+r视频	1659	1	0
邓紫棋学金鱼嘴视频	1660	7	3
滴水观音图有什么含义	1661	1	0
迪奥烈艳蓝金28号	1662	1	0
地下城与勇士单机版10.5	1663	1	0
第24对染色体	1664	1	0
电击小子直播	1665	1	0
电气设备培训	1666	1	0
电子驻车	1667	1	1
吊刑视频	1668	1	1
顶尖椅业	1669	1	0
东安神华火电厂新闻	1670	1	0
东风6号	1671	1	0
东阳解说	1672	2	5
东营至上海长途汽车	1673	1	0
东莞保源保险	1674	1	0
东莞市东城人民公园到东莞市东城区鳌峙塘工业区坐什么车	1675	1	0
动房夜新娘被搞新郎忙拍照	1676	1	0
动物世界鬣狗家族	1677	1	0
斗破苍穹大主宰7小说	1678	1	0
独生子女定义	1679	1	0
赌说说	1680	1	0
多女一男的视频	1681	1	0
二手儿童摇摆车投币车	1682	1	0
法老王游戏王	1683	1	0
繁体字体	1684	1	0
方泽国际名门	1685	1	0
房改房政策23号	1686	1	0
房屋产权变更申请书模板	1687	1	0
防守→盖帽→抢板→运球→突破→助攻	1688	1	0
非诚勿扰2014年2月22日	1689	1	0
非池中之物小说	1690	1	0
非引导区损坏	1691	1	0
飞卢免费小说	1692	3	1
分期付款履约保险	1693	1	0
封神英雄榜土行孙是好是坏	1694	1	0
风头百灵鸟视频	1695	2	0
疯狂猜成语++一二三四五六零九	1696	1	0
凤凰到常德的火车	1697	1	0
凤凰+到东莞+火车	1698	1	0
夫に旦那快播	1699	1	3
夫满为患+60+19楼	1700	1	0
服务周到的护士+快播	1701	1	0
福建省人民代表大会第一次会议公告第5号	1702	1	0
福建最大的土楼	1703	1	0
腐蚀国度视频	1704	1	0
阜阳到蚌埠的汽车	1705	1	0
富宁县廉租房第一批保障对象名单	1706	1	0
肛交视频	1707	2	1
港交所+上市公司+信息披露+2013年1月1日	1708	1	0
高空作业安全培训	1709	1	0
高清爸爸去哪儿大电影快播	1710	1	0
高振东演讲视频	1711	2	0
哥哥前后都爱我快播	1712	1	0
哥哥去打高尔夫了嫂子我的肉棒的争夺百度音影播放	1713	1	0
哥拓普	1714	1	0
鸽王	1715	1	0
割过包皮+打飞机没感觉	1716	1	0
格莱美2014快播	1717	1	0
个性签名前缀特殊符号	1718	1	0
个性网页模板	1719	1	0
各种近身格斗锁技视频	1720	1	0
工行保险	1721	1	0
功德气运类修道小说	1722	1	0
公安部通缉传销名单	1723	1	0
公交线路图查哈尔滨	1724	1	0
公路自行车赛助攻	1725	1	0
公司经营管理中的法律风险	1726	1	0
公务员能不能办企业	1727	1	0
构建体	1728	1	0
古剑奇谭+荣树林怎么出去	1729	1	0
股票交易哑谜	1730	1	0
关爷生日	1731	1	0
关于激光近视眼手术	1732	1	0
关于苏联模式时期百姓生活视频	1733	1	0
关于天津激光近视眼手术	1734	1	0
关于团结友爱的广播稿	1735	1	0
关于兄弟情义的说说	1736	1	0
关婷娜唱歌视频	1737	1	0
广东茂名信宜贵子新闻	1738	1	0
广州在哪里考公交车	1739	1	0
鬼火摩托飙车视频	1740	1	0
郭亮村和万仙山是什么关系	1741	2	0
国产操作系统企业	1742	1	0
国光厂1号门	1743	1	0
国华集团	1744	1	0
国际海豹日	1745	2	1
国家发改委人员名单	1746	1	0
国色天香电视剧全集35	1747	2	0
海贼王之天照果实	1748	46	15
韩国影星卖淫事件9快播	1749	1	0
好听的战队名字带特殊符号	1750	1	0
菏泽银座周六几点关门	1751	1	0
和老年妇女做ai快播	1752	3	0
和莫莎的500天快播	1753	1	0
合金铝焊条	1754	1	0
河北东联汽配城21――14号	1755	1	0
河北省中小学幼儿园教师远程培训	1756	1	0
河南卫视频道在线直播	1757	1	0
黑暗神殿的门	1758	1	0
黑川绮罗在线快播	1759	1	0
黑道校园复仇小说	1760	4	2
黑龙江汤原兰秀峰	1761	1	0
黑色素瘤细胞系	1762	1	0
黑丝袜做爱视频	1763	6	2
很色的chuanyue小说	1764	1	0
恒大亚冠决赛直播	1765	1	0
恒泰同花顺+内蒙古	1766	1	0
虹口区报考警察学校培训	1767	1	0
洪江禾沅酒业	1768	1	0
红米延期发货	1769	1	0
后坞生活度假村	1770	1	0
湖北j经视桃花朵朵开直播	1771	1	0
湖南工业大学毕业证样板	1772	1	0
湖南花垣长乐道教法事视频	1773	1	0
护理交班视频	1774	1	0
护士注册申请表模板	1775	1	0
互联网思维看媒体	1776	1	0
花冠顶配汽车	1777	1	0
花桥镇和丰路333号	1778	1	0
华为安徽	1779	1	0
画家凌雪作品集锦	1780	1	0
怀孕六个月女胎儿图视频	1781	1	0
欢乐鼓半价、方塔公园和醉白池免费开放	1782	1	0
黄瓜蔓枯病防治技术	1783	1	0
黄金瞳有声小说	1784	7	1
黄金瞳在线有声小说	1785	1	0
黄色网站无需快播	1786	1	0
惠州新闻	1787	4	1
会昌新闻	1788	7	4
会议标杆升降	1789	1	0
火车上美女脚视频	1790	1	0
火影忍者漫画在线直播	1791	1	0
获利指数与净现值	1792	1	0
基金每日净值	1793	1	0
机电安装新工艺新技术	1794	1	0
机械手表怎么调慢视频	1795	1	0
鸡心领从上往下织视频	1796	1	0
吉尼斯纪录巨人维德洛	1797	1	0
极品飞车12存档	1798	4	1
集珍斋+台湾	1799	1	0
祭月迷踪95	1800	1	0
寂寞空庭春欲晚小说	1801	1	0
夹江团	1802	1	0
夹腿感觉	1803	1	1
家旺保洁公司电话号	1804	1	1
甲状腺抗体的意义	1805	2	0
价值分什么价值	1806	1	0
减弱后的瑞文视频	1807	1	0
剑灵灵剑士最新pve加点视频	1808	1	0
剑魔加力量还是物攻	1809	1	0
建标造（2013）65号	1810	1	0
建信优势动力基金今日净值	1811	1	0
建筑图例符号	1812	1	0
江南水乡六大古镇哪个最值得去	1813	1	0
江苏省溧阳市到运城火车	1814	1	0
江苏舜天2014年中超人员名单	1815	1	0
江西师大招生就业	1816	1	0
江阴市新城路8号	1817	1	0
教学工作会议先进学校发言稿	1818	1	0
教育实习计划安排	1819	1	0
金川娃麻辣烫视频	1820	1	0
久爱人体艺术	1821	2	0
军舰Viktor+Leonov+SSV-175	1822	1	0
卡布西游充值	1823	2	0
开学典礼讲话稿	1824	1	0
开阳县白安营传说	1825	1	0
看蓝色妖姬图片的感觉	1826	1	0
康宁保险话术	1827	1	0
拷问鼻快播	1828	1	1
柯桥找鸡婆	1829	1	0
科比特木门	1830	1	0
科华北路1号	1831	1	0
科力达全站仪型号	1832	1	0
克制斧王	1833	1	0
空间有色的视频qq号	1834	12	4
恐怖老太婆	1835	1	0
口条张	1836	1	2
快播怎么找到私有云的视频	1837	1	0
快的打车与支付宝的关系	1838	1	0
快乐家族成员最新集体照	1839	1	0
昆明到桂林汽车	1840	1	0
昆明新闻重播2014年2月25日	1841	1	0
莱恩创刻防水材料视频	1842	1	0
老公闻老婆脚	1843	1	0
乐透乐论坛3d图谜	1844	3	0
乐驼	1845	2	1
雷速灯之闪电冲线3爱奇艺	1846	1	0
离石吧丁雪峰	1847	3	0
理科状元中科大毕业	1848	1	0
理想和羽泉什么关系	1849	1	0
李晓燕唢呐	1850	1	0
立花里子高清+快播	1851	1	0
联通支付中心qb充值	1852	1	0
联想z400A-IFI中关村	1853	1	0
廉洁从业	1854	1	0
良贸期货	1855	1	0
聊城新农村建设补偿	1856	1	0
林志玲和文强睡过觉	1857	1	0
临沂二手自卸车	1858	1	1
拎包创业	1859	2	0
铃音铃播放	1860	1	0
灵城精义	1861	1	0
流出+人撮影+素人美少女中出し援交+5	1862	1	0
柳俊+小说	1863	1	0
六盘水到广州火客车	1864	1	1
龙斗士称号	1865	1	0
龙光海悦华庭	1866	1	0
龙井科目三考试视频	1867	1	2
卢江县委书记艳照	1868	1	0
露逼柔术	1869	1	0
鹿鼎小说	1870	1	0
鹿晗宝儿+接吻视频	1871	2	0
陆川菜乃+视频	1872	1	0
乱伦之家庭	1873	1	0
罗秀路1980弄4号	1874	1	0
罗志祥的qq号	1875	1	0
妈妈梦见自己被插	1876	1	0
买到过期食品怎么赔偿	1877	1	0
满文军与陈道明关系	1878	1	0
猫猫未检测出弓形体	1879	1	0
茂名市鳌头镇最厉害是那天村	1880	1	0
帽子手稿	1881	1	0
煤矿事故安全警示教育通讯稿	1882	1	0
没有签订合约但是一直长期处于合作关系	1883	1	0
美国的一个电影情节人好像被复制了一样，人死了，复制品活着	1884	1	0
美国之音快播	1885	1	0
美国之音周永康	1886	1	0
美女色情电影视频	1887	1	0
美女医生捐经视频	1888	1	0
美女BB手淫视频	1889	1	0
美团网江阴	1890	1	0
美心门实木门	1891	1	0
猛鬼脚	1892	1	1
梦见一条蛇钻进另一条	1893	1	0
绵阳到观雾山怎么坐车	1894	1	0
免费qq注册8位新账号	1895	1	0
灭火吹制作视频	1896	1	0
鸣人声优	1897	1	0
名侦探柯南与小兰结婚视频	1898	3	1
魔剑女王	1899	1	0
魔兽世界官网大脚	1900	1	1
牡蛎酒吧登记处的按钮	1901	1	0
母子做爱视频	1902	2	0
木铆接工艺	1903	1	0
哪里可以下载智力快车	1904	1	0
那些是++所得税+鉴证备查类底稿	1905	1	0
南京鼓楼医院包皮手术	1906	1	0
南京针灸埋线减肥学校培训	1907	1	1
南京2014中考有哪些专业	1908	1	0
南通有养羊养殖场视频	1909	1	0
男模透明内裤视频	1910	1	0
男人做结扎手术视频	1911	1	0
内人社发（2011）249号	1912	1	0
逆战爆炸箭头补偿	1913	1	0
宁波台塑集团	1914	2	0
宁夏卫视在线直播	1915	1	0
农哈哈玉米播种机视频	1916	4	0
女大学生快播	1917	1	0
女的开塔吊视频	1918	2	2
女孩欲跳楼+大黄狗咬衣服救人视频	1919	1	0
女家教林佩佩	1920	1	0
女人多吃黑豆的营养价值	1921	1	0
虐待淫荡母狗的小说	1922	1	0
虐心的bl小说	1923	1	2
胖女人的裸体照	1924	1	0
平顶山到济源大车拉货	1925	1	0
平顶山市宾馆电话区号	1926	1	0
铺排	1927	2	0
葡萄避雨专用膜布条	1928	1	0
奇葩破解版天天酷跑不会封号	1929	1	0
企业与员工关系	1930	1	0
气功4人兰兰教程视频	1931	1	0
汽车违	1932	1	0
千去	1933	1	0
浅井舞香+息子家庭	1934	1	0
强奸快播	1935	12	5
巧用标点符号	1936	1	0
秦皇岛城管局长马壮腐败视频	1937	1	0
青岛美寰曹琳	1938	1	0
青海藏语卫视在线直播	1939	1	0
轻松搞笑短篇小说	1940	1	0
清华大学东3号2单元3室一厅市值	1941	1	0
清涧+火车	1942	1	0
情孽三世缘	1943	1	0
求好看的古代言情小说	1944	3	0
求一cf号	1945	1	0
去湖天宾馆怎么坐车	1946	1	0
泉城食品安全网培训	1947	2	0
全峰快递新闻	1948	1	0
全自动字画装裱机视频	1949	2	0
群P+温泉+女优	1950	1	0
燃气安装技术	1951	1	0
热血江湖2014新职业	1952	1	0
人气女优5	1953	4	2
人体模特舒芘	1954	2	2
人体艺术头条	1955	4	0
任丘365	1956	1	0
日本怪谈小说	1957	1	0
日本帅老恋老视频	1958	2	0
日语口译培训	1959	1	0
荣耀家族	1960	2	0
融资租赁业	1961	1	0
如何查手机质量好坏	1962	1	0
如何发布小说	1963	1	0
如何考a驾照	1964	1	0
如何让显示屏插上内存卡播放视频	1965	2	0
如何手机上查银行清单	1966	1	0
瑞文怎么打上单	1967	1	0
润成创展精工木门	1968	1	0
三大起义	1969	1	0
三国志威力加强版切换账号	1970	1	0
色桥三级小说	1971	1	1
色情小子快播	1972	1	0
色五月自拍视频	1973	1	0
沙发巾独下西楼	1974	1	0
山D舞快播	1975	1	0
山西捷达二手车	1976	1	0
山西那里买小型铲车	1977	1	0
山西省百人计划入选者名单	1978	1	0
山羊绒宏业	1979	1	0
陕西体育高频11选5	1980	1	0
陕西园林新闻	1981	1	0
汕头顺丰最早几点发货	1982	1	0
上海社会保险	1983	1	0
少年终有成雄日	1984	1	0
摄像机标定板	1985	1	0
设计标书服务承诺	1986	1	0
申格体育几点关门	1987	1	0
深圳湾一号	1988	1	0
神弹王	1989	2	1
神雕风流2李庭	1990	1	0
神雕侠侣黄晓明版爱奇艺	1991	4	2
神父性侵门	1992	1	1
神经用广东话怎么说	1993	1	0
神奇宝贝第5部全集国语版爱奇艺	1994	1	0
神奇快播	1995	3	0
神武+龟丞相哪里抓	1996	1	0
沈阳艾普	1997	1	0
盛邦物业	1998	1	0
十二生肖下载高清	1999	1	0
十堰郧县校长东莞被抓	2000	1	2
石家庄赶集网二手车	2001	5	3
石家庄今天车辆限什么号	2002	1	0
石女+老婆	2003	1	0
时间人体艺术	2004	1	0
释永信到船震门	2005	1	0
市内公路扩建的意义	2006	1	0
手机来电显示怎么关闭	2007	1	0
手指游戏五指谣	2008	1	0
手冢国光+网王+穿越攻	2009	1	0
首届“于门四杰国际书法大赛入展名单	2010	1	0
寿光市台头企业	2011	1	0
兽医开腹术	2012	1	0
数码产品网站模板	2013	1	0
数字代表的爱情含义	2014	3	4
数字军团耽美小说	2015	1	0
双流接待寺到科华北路亚太广场坐什么车	2016	1	0
双星情缘	2017	1	0
双性人之恋快播	2018	1	0
水稻播种育苗生产栽培技术技术	2019	1	1
水生蔬菜种植技术视频	2020	1	0
私信	2021	2	3
司机招聘给女老板开车	2022	1	0
四川至西安物流找车	2023	1	0
四大名捕2浴池戏视频	2024	1	1
四姐妹图头像4张	2025	1	0
苏州登云集团	2026	1	0
绥化百姓网二手26铲车	2027	1	0
孙静雅全套快播	2028	1	0
孙燕姿新专辑为什么叫克卜勒	2029	1	1
索九	2030	1	0
台试电脑开不了机怎么办视频	2031	1	0
太阳能热水器室外安装视频	2032	1	0
汤粉店店面装修样板	2033	1	0
汤显祖的审美理想是肯定“情”的价值，追求“情”的解放	2034	1	0
唐人小说	2035	1	0
淘气猫军团	2036	3	1
藤胛快播	2037	1	0
腾讯网上不去	2038	2	0
疼哭快播	2039	1	0
提车吉日	2040	1	1
天津镀锌板	2041	2	0
天津58同城二手自行车	2042	1	0
天龙八部经典名字繁体	2043	1	0
天猫怎么充值	2044	1	0
天涯传说	2045	1	0
天正建筑菜单	2046	1	0
天正有没有方法自动编号	2047	1	0
舔女王的丝袜脚	2048	1	0
铜合金箔牌号	2049	1	0
土地的含义	2050	2	0
兔巴哥的1001个传说	2051	4	0
推推棒老婆	2052	1	0
外出办事单	2053	1	0
外国玉米高产种植技术	2054	2	0
外国足球宝贝+站一排	2055	1	0
玩正太小男孩弟弟快播	2056	1	0
晚安怎么说	2057	1	0
万荣二小师生+快播	2058	1	0
王林和陈红家上月收入钱数之比是8:5	2059	1	0
网名繁体+天空	2060	1	0
网上分车	2061	1	0
威力导演模板	2062	1	0
微信说说	2063	1	1
为什么LOL游戏进不去	2064	1	0
温馨的模板	2065	1	0
文才	2066	1	0
我不努力以后拿什么疼老婆	2067	1	0
我的野蛮女金刚快播	2068	1	0
我空间怎么没有自拍照片视频	2069	1	0
我们班没有学习气氛	2070	1	0
我们结婚了快播	2071	1	0
我想找个高水平代考二建遵义	2072	2	0
我要抗日	2073	1	0
乌克兰敖德萨国家歌剧院芭蕾舞团	2074	1	0
无毒四色快播	2075	6	2
无人流手术	2076	1	0
无锡不见不散女嘉宾+刘	2077	1	0
武侠位面大冒险	2078	1	0
西安驾校科三灯光视频	2079	1	0
西部贫困儿童名单	2080	1	0
西建工集团培训中心（小井峪街13号）办公楼四楼	2081	1	0
西双版纳到大理火车	2082	2	0
西西女人艺体	2083	1	0
西子情的小说	2084	1	1
系统转料号	2085	1	0
侠岚1o5	2086	1	0
狭叶韩信	2087	1	0
相族	2088	1	0
香港民航航空	2089	1	0
香港润天国际投资集团	2090	1	2
香港吸血贵利王无减	2091	1	0
香港夜店电影快播	2092	1	0
襄渝情缘	2093	1	0
襄垣骚女视频	2094	1	0
乡村爱情圆舞曲拍摄现场视频	2095	10	3
乡镇群众路线教育实践活动载体	2096	1	1
想卖个7位数的qq号	2097	1	0
像【君问莫愁】的武侠小说	2098	1	0
小孩高烧后说话不清	2099	1	1
小么哥拉呱+昨天视频	2100	1	0
小小骑士团	2101	3	0
小游沙发上人体	2102	1	0
校讯通211.137.45.105	2103	1	0
笑傲江湖之吹箫之王	2104	1	0
写给监狱亲人的一封信	2105	1	0
写一封信给贫困山区的小朋友的信	2106	1	0
新公司法72条	2107	1	0
新民卫校吧女生qq号	2108	1	0
新消法+7天无理由退货	2109	1	0
忻州市二手车	2110	2	0
邢台电大网上作业	2111	1	0
邢台一中新闻	2112	1	0
性感美女唢呐九妹视频	2113	5	2
姓感美女性感脱衣日	2114	1	0
胸罩美女家中热舞视频	2115	1	0
熊出没之森林小火车	2116	1	0
虚拟网游头盔新闻	2117	2	0
虚拟wifi设置器+3.5	2118	1	0
叙利亚+反对派+迫击炮炸膛	2119	1	0
薛刚反唐+单田芳视频	2120	1	0
学费代偿	2121	1	0
学校先进单位发言稿	2122	1	0
学校校刊模板	2123	1	0
雪人骑士大招怎么放	2124	1	0
押解女囚小说	2125	1	0
亚马逊怎么退货	2126	1	1
烟酸铬	2127	1	0
研究留守儿童的积极心理品质的意义	2128	1	0
秧歌舞手上动作视频	2129	1	0
养生壶到100度怎么不继续烧	2130	1	0
野值	2131	1	0
夜未央小说	2132	1	0
一级片3g视频	2133	2	1
一年级下册课文背诵填空	2134	1	0
一汽大众七座商务车	2135	1	0
伊莎贝拉+阿佳妮+近照	2136	1	0
移魂换体	2137	1	0
宜兴团	2138	1	0
已验证鞍山有名的红玫瑰	2139	1	0
艺术玻璃培训	2140	1	1
异能者D215	2141	1	0
音乐电视台在线直播	2142	1	0
阴艺术	2143	2	0
银行现金管理部是什么部门	2144	1	0
英式下午茶菜单	2145	1	0
英雄联盟蔚的大神视频	2146	1	0
英雄联系六杀视频	2147	1	0
英语口语有趣练习视频	2148	1	0
影与现实	2149	1	0
永康+标准门	2150	1	0
有关遵纪守法文档	2151	1	0
有机器人版本的cs1.5	2152	1	0
有什么长篇免费小说	2153	1	0
有一首歌歌词好象是心在跳爱在烧	2154	1	0
有+没有和+++女总栽的贴身高手+++相似的小说	2155	1	0
幼儿学写数字1-10视频	2156	1	1
幼儿园教职工安全教育培训	2157	1	0
幼儿园口号	2158	2	0
于洪杰牧师讲道新人门训	2159	1	0
于文华和朱之文在家的视频	2160	2	0
逾期贷款催收	2161	1	0
宇宙英雄之超银河传说爱奇艺	2162	2	0
原版向前冲舞蹈视频	2163	2	2
原始部落伦理视频	2164	1	0
员工合理化建议100条	2165	3	2
圆和圆的位置关系	2166	1	0
月球3号	2167	1	0
悦己者王	2168	1	0
在不久前举行的世界报业和出版业	2169	1	0
贼王+1995	2170	13	3
怎么求圆与圆位置之间关系	2171	1	0
怎么制作员工罚款单	2172	1	0
怎样减肥最有效小窍门	2173	6	4
怎样解释媒体	2174	1	0
怎样让小腿瘦下去	2175	1	0
怎样下载优酷视频	2176	2	2
曾姓辈分排	2177	1	0
章学义	2178	1	0
张柏芝性爱快播	2179	1	0
张店户外广告登记号	2180	1	0
张杰吧学生星团	2181	1	1
张蒲到厦门气车多少时间到厦门	2182	1	0
招投标上诉找那些部门	2183	1	0
招远市劳动人事争议仲裁院人员名单	2184	1	0
沼渣液利用技术	2185	1	0
赵本山雇凶杀人被抓	2186	1	1
赵云的老婆	2187	1	0
浙江公众挂号	2188	1	0
浙江平湖+etc充值	2189	1	0
浙江小型食品膨化机械	2190	1	0
珍惜挂职锻炼+拓展社交能力+服务回报企业	2191	1	1
真是好时节人物关系	2192	1	0
震荡与变革+20世纪的教育技术	2193	1	0
郑州机场二期t2航站楼	2194	1	0
制造石膏板	2195	1	0
中办发2013++25	2196	1	0
中国长安汽车整车企业	2197	1	0
中国好歌曲什么时候开播	2198	2	1
中国科学院长春光学精密机械与物理研究所张峰	2199	1	0
中国农村卖淫女视频	2200	1	0
中国司法徽	2201	1	0
中国通胀世界通缩	2202	2	0
中国新通信	2203	1	0
中化肥业	2204	1	0
中科大数学院是哪个楼	2205	1	0
中日国际新闻最近新闻	2206	1	0
中石化加油站站长竞聘稿	2207	1	0
中宣部干部培训	2208	1	0
中央电视台女主播+周永康	2209	1	0
中央电视1套在线直播	2210	3	1
中医药服务国际贸易企业	2211	1	0
终极西游小说	2212	1	0
重口味阴阳人雌雄同体	2213	1	0
重庆传媒大学有学校学号	2214	1	0
重庆市中医院夏敏挂号	2215	1	0
重生之美食帝国19楼	2216	1	0
周家嘴路1063弄8号2楼	2217	1	0
朱敏希+自摸视频	2218	1	0
主干形苹果树管理技术	2219	1	0
主角炼体完本玄幻小说	2220	1	0
主修医术	2221	1	0
注册剑灵账号	2222	1	0
装也是一种艺术	2223	1	0
追偿	2224	2	0
卓依婷人体	2225	1	0
淄博交警网上预约审车	2226	2	0
自制春卷皮的做法视频	2227	1	0
走打鬼子去电视剧全集土豆网视频	2228	1	0
租房协议模板	2229	1	0
足球赛事直播	2230	4	0
最初徐工泵车所有型号	2231	1	0
最简单吊顶	2232	1	0
最新福建省副省长名单	2233	1	0
最新天气预报视频	2234	3	0
左莹++巧错结良缘	2235	1	0
作业,师生家长互动作业平台+-+一起作业	2236	1	0
坐飞机的行程单	2237	1	0
侏罗系	2238	1	0
侏儒狨	2239	1	1
莒县全球鹰	2240	1	0
嘀嘀打车怎么用视频	2241	2	2
泗阳改装车	2242	1	0
]ざされた母子家庭	2243	1	0
炫舞魔法屋兑换翅膀成功视频	2244	2	0
炫舞小说	2245	21	6
00886是哪里的区号	2246	1	0
05	2247	11	3
0714-6228765	2248	1	0
1号店在哪送货	2249	1	0
1000元以下摩托车跑车	2250	1	0
11bbbbb视频	2251	1	0
12万可否收到K5二手车	2252	1	0
123.7.178.156:8085	2253	5	6
123456+美女小说	2254	2	0
126位身份证号	2255	1	0
147有人体艺术	2256	1	0
192.168.1.245	2257	3	0
2013年参加基层振兴计划人员名单	2258	1	0
2013年中国银行信贷紧缩	2259	1	0
2013年最受瞩目的AV女优	2260	1	0
2013执业（助理）医师大苗老师苗圃医学视频	2261	1	0
2014春季小学开学典礼校长发言稿	2262	1	0
2014迪拜网球公开赛德约科维奇VS费德勒	2263	1	0
2014黑客送qq号	2264	1	1
2014赖子薇传奇新视角直播	2265	1	2
2014年大年初二是几号	2266	1	0
2014年三月定亲吉日	2267	1	0
2014年世界妇女公祷日	2268	1	0
2014年2月28日de中央天气预报视频	2269	1	0
2014年4月上市新车	2270	1	0
2014最新打领带方法中国视频	2271	1	0
20142月年黄道吉日	2272	1	0
2014DNFPK视频	2273	1	0
218.28.22.53+85	2274	1	0
237公交车燃烧	2275	1	0
24005	2276	1	0
25万suv车评价最好车	2277	1	1
2oi4年科目一联系	2278	1	0
2pm原来是美男花絮	2279	1	0
3月国旗下讲话稿	2280	1	0
315瓷砖活动短信	2281	2	0
3D字谜试机号	2282	1	0
3d硬金工艺	2283	1	0
3d5o期字谜	2284	1	0
42军对越自卫开平战友视频	2285	1	0
4in4隧道协议号	2286	1	0
5-7万元大众汽车	2287	1	0
5173团	2288	3	0
58同城北京二手车	2289	2	0
58同城岳阳茶楼	2290	1	0
590008基金净值	2291	1	1
7755电影网快播	2292	1	1
8岁小女孩快播	2293	1	2
85岁的老人得了膀胱癌能不能手术	2294	1	0
90后美女自慰快播	2295	2	0
9185房间你懂得视频	2296	1	0
AHK1.35	2297	2	1
Adobe+After+Effects+CS6序列号	2298	1	0
BARE注册视频	2299	1	0
DWcs5序列号	2300	1	0
EDM工程师培训	2301	1	0
GIS属哪个系	2302	1	0
HP+LaserJet+M1005	2303	2	1
QQ账号	2304	4	1
QQ浏览器如何固定网页缩放	2305	1	0
SJP公交车	2306	1	0
TA15	2307	1	0
YY随缘	2308	1	0
cba22万罚单	2309	1	0
cctv-3在线直播	2310	12	3
cda字体	2311	1	0
cf怎么挂多号	2312	1	0
cpr操作比赛视频	2313	1	0
cs2序列号	2314	1	1
dnf美罐卡cc视频	2315	1	0
dnf土豪合天空直播	2316	1	0
doat2比赛视频	2317	1	0
dream+high第一季奇艺	2318	2	1
dreamhigh第1部剧照	2319	1	0
exo和汤唯幕后花絮	2320	2	0
exo围观fx彩排	2321	1	0
golf7提车	2322	1	0
gta4游侠网完美存档	2323	1	0
h文殡仪馆小说	2324	1	0
http://pay.qixiu001.com:8080/pay_user.php?f_id=88888+进行充值	2325	1	0
ipo申请终止审查名单	2326	2	0
java缺少方法主体	2327	1	0
js判断浏览器是否是微信	2328	1	0
justinbieber跑车	2329	1	0
kw和kva的关系	2330	1	0
l1600+大地功放	2331	2	1
les分手的信	2332	1	0
line友募集揭示板	2333	1	0
lol盒子怎么绑定我的游戏号	2334	1	0
lol盒子怎么登陆lol号	2335	1	1
matlab里面或者是哪个符号	2336	1	0
mc白浩2.22生日视频	2337	1	0
mp5下载+高清	2338	3	0
ps修改营业执照	2339	1	0
qq飞车这样刷车	2340	1	0
qq炫舞体验服下载3.15	2341	1	1
s4vn视频解说	2342	5	0
sb://tzip/Error404/error_wk.html?ecode=1&magic=591224&url=http%3a%2f%2fpan.baidu.com%2fshare%2flink%3fshareid%3d460903%26uk%3d1494010835	2343	1	0
semmmm.25	2344	2	0
tokyo+n0899快播	2345	1	0
uccw边不清	2346	1	0
vista系统+usb视频	2347	1	0
win7传统开始菜单	2348	1	0
winxp+sp3+序列号	2349	1	0
www.61005	2350	1	1
yy频道设计简单	2351	2	0
yy刷号	2352	1	0
zhong崩坏	2353	1	0
\直播	2354	1	0
“突”用粤语怎么说	2355	1	0
×188****1802，恭喜您本次购物获得部分免单	2356	1	0
Φ	2357	3	3
啊实打实	2358	1	0
阿道夫感觉	2359	1	0
阿狐直播	2360	1	0
艾文雅成人视频快播	2361	1	0
爱情连连看女嘉宾走光视频	2362	1	0
爱情做爱放	2363	1	0
安徽三圣谕法典召唤师暗	2364	1	0
安全检查ppt模板	2365	1	0
安慰人的短信	2366	2	0
安阳豪客来几点关门	2367	1	0
安卓培训	2368	1	0
按摩院前列腺按摩视频	2369	2	1
奥特曼8兄弟国语全集爱奇艺	2370	1	0
八六人才	2371	1	0
八识神王	2372	1	0
百度人体	2373	1	0
百合校园一受多攻	2374	1	0
百家讲坛中庸之道视频	2375	1	0
保险公司话术	2376	1	0
爆动作大+播放：4.07万+时长：96:30+添加视频+添加视频	2377	1	0
北京嫂子衣柜门	2378	1	0
北京外事研修学院有没有电力工程专业	2379	1	0
毕业设计的目的和意义	2380	1	0
辫子编发器使用中文视频	2381	1	0
滨特尔净水器和爱惠浦是什么关系	2382	1	1
冰川天女传有声小说	2383	1	0
冰柠檬的QQ号	2384	1	0
布吉检察站到连州的车	2385	1	0
彩虹岛刷怪最厉害职业	2386	1	0
残虐女骑士+色情小说	2387	1	0
操逼播放	2388	1	0
查座机号	2389	1	0
昌里东路181号	2390	2	0
长白山下好种田19楼	2391	1	1
长春祥程汽车	2392	1	0
长篇乡土乱欲小说孽恋	2393	4	4
长沙南到邵东汽车	2394	1	0
长时间电焊会不会影响生殖健康	2395	1	0
长腿美女中文字幕快播	2396	1	3
长兴岛二手轿车	2397	1	1
晨农集团	2398	2	0
陈赓第三套出旗曲分解视频	2399	1	1
成本理念口号	2400	1	0
成都到永川在那个地方坐汽车	2401	1	0
成都联通号单	2402	1	0
成人强奸小说	2403	1	1
冲刺激励短信	2404	1	0
崇山的传说	2405	1	0
崇州市崇平镇新乐村	2406	1	0
抽水泵QXN40-130/4-25	2407	1	0
初一英语完形填空	2408	1	0
出厂双燃料有哪些车	2409	1	0
出现+++日语怎么说	2410	1	0
穿越宝莲灯前传小说	2411	1	0
穿越恶作剧之吻bl小说	2412	1	0
穿越火线牛逼号和密码真号	2413	2	0
从群众中来，到群众中去	2414	2	0
从微博怎么查看qq号	2415	2	0
存储器的地址引脚	2416	1	0
大便发酵的气体	2417	1	0
大工13秋《单片机原理及应用》在线作业	2418	1	0
大河报濮阳县一中跳楼	2419	1	0
大忽悠快播	2420	2	0
大迷人十九	2421	1	0
大棚西瓜高产栽培技术	2422	1	0
大兴区金星京门购物广场对面蛋糕店几点开门	2423	1	0
大越野车比赛视频	2424	1	0
大众摄影杂志投稿	2425	1	0
大众2014年上市新车	2426	1	0
带骨肋排	2427	1	0
单边铧改进，使土不到另一垄沟	2428	1	0
弹弓打竹鸡视频	2429	1	0
党的群众路线教育实践活动ppt文档	2430	1	0
稻川なつめ+番号	2431	1	0
地址+河北省唐山市遵化市马兰峪镇清东陵乡6合3村	2432	1	0
第一次学骑自行车	2433	1	3
第14011大乐透开奖号	2434	1	0
第15届农心杯围棋14局讲解视频	2435	1	0
帝国时代拜占庭	2436	1	0
帝王业	2437	10	4
点绘制板时，板	2438	1	0
电车之狼r赤结局视频	2439	3	1
电车+梓ユィ+快播	2440	1	0
电法勘探归档原始资料清单	2441	1	0
电焊技术培训	2442	1	0
电击小子第3部爱奇艺	2443	15	5
电锯惊魂7爱奇艺	2444	1	0
吊钩++型号	2445	1	0
丁二酮+硕士论文+周荃	2446	1	0
顶级人体阴部艺术	2447	1	0
东安学车	2448	1	0
东北二人转宗小宝演出视频	2449	1	0
东北乔四爷+葬礼视频	2450	5	1
东风天锦仪表盘上的符号	2451	2	0
东海岛至雷州跨海大桥	2452	1	0
东区女巫小说	2453	1	0
东莞废油回收	2454	1	1
东莞黄江精成科技集团	2455	1	0
动物大鲨鱼视频	2456	1	0
都市淫狐小说	2457	1	0
读心术魔术	2458	1	0
俄罗斯主要民族	2459	1	0
恩贝氏++微信	2460	1	0
二分频与二倍频	2461	1	0
二手车贷款买车	2462	1	0
二手天锦冷藏车	2463	1	0
二维码技术	2464	1	0
发展农牧业	2465	1	0
阀块加工工艺	2466	1	0
法国足球国家队名单	2467	1	0
反恐精英换三国杀的号	2468	1	0
防灾减灾日	2469	2	0
菲律宾快递到门	2470	1	0
飞机餐何时发放	2471	1	0
飞机+液体	2472	2	0
丰都低保名单	2473	1	0
丰谷粮食机械	2474	1	0
风电机组240验收	2475	1	0
风中绯闻	2476	1	0
佛山山水居到岭南大厦怎么去	2477	1	0
服务标语口号	2478	1	0
福彩3d组选046前后关系	2479	1	0
福建莆田忠门结婚视频	2480	3	0
福建泉州南安英都芸林工业区123号	2481	1	0
福建省+南平市+松溪县区号	2482	1	0
福建卫视在线直播	2483	1	3
复苏	2484	4	2
富阳联建房出售金桥	2485	1	0
该怎么设计一个信号发生器+能够不断地从低频到高频发出信号来产生干扰	2486	1	0
甘肃定西通渭丧事唢呐	2487	1	0
感谢客户支持的短信	2488	1	0
高电压技术	2489	1	0
高压清洗吸污车	2490	1	0
葛韵琳	2491	1	0
各国外星人集锦	2492	1	1
给个csol号	2493	1	0
工程交接单模板	2494	1	0
工贸企业安全生产标准化评审见证性资料（内容）清单	2495	1	0
公共频道直播	2496	18	8
公祭日	2497	2	0
公民道德+干部职工口号	2498	1	0
共好体系	2499	8	3
固定电话怎么转移到另外一个电话中去	2500	1	0
挂车跳蹦视频	2501	1	0
关于创新高中作文拿来主义	2502	1	0
关于心理方面的实事热点新闻	2503	1	0
关于exo的韩娱np小说	2504	1	0
广东发货到浙江湖州市长兴县单号	2505	1	0
广西贵港平南县大坡20014年2月18日下午打群架新闻	2506	1	0
广西南宁市高新区位子禄路63号	2507	1	0
鬼月杀机幕后花絮	2508	1	0
桂林到冠岩专线车	2509	1	0
贵金属投资入门	2510	4	2
贵阳黔峰酒业	2511	1	0
锅子与电视连接的一红一白的线怎么插	2512	1	0
郭跃和王皓关系	2513	1	0
国服第一盲僧一秒6脚	2514	1	1
国模珠珠视频	2515	1	0
国税发2005+129号	2516	1	0
国外最优秀清唱团	2517	1	0
海宝集团	2518	1	0
海贼王之海贼系	2519	2	0
汉语拼音复韵母表视频	2520	1	0
杭州空调回收	2521	1	0
杭州磨地板	2522	2	0
合肥长隆岗新村有几路车	2523	1	0
合生创展地产+老板	2524	1	0
河南商丘睢县结婚视频	2525	2	0
河南省西平县二郎乡焦店村八组47号	2526	1	0
褐体黄色视频	2527	1	0
鹤园乳业	2528	2	1
贺州新闻	2529	4	4
黑客号	2530	1	0
黑客入门新手特训	2531	3	2
黑老大玩女协警小说	2532	2	0
黑猫警长动画片全集快播	2533	1	0
黑丝少妇色情小说	2534	1	0
红警1985	2535	2	1
红烧藕条	2536	1	0
胡一菲洗澡照	2537	1	0
湖北省赤壁市车埠高级中学应届生毕业编号	2538	1	0
湖南都市在线直播	2539	3	7
湖南卫视周五在线直播	2540	1	0
护照办理要找什么部门	2541	1	0
互评互	2542	1	0
花卉扦插繁殖方法视频	2543	2	1
花美男VS大吊烧	2544	1	0
华中科技大学电气就业	2545	1	0
华中科技大学最好的专业	2546	1	0
华中数控车床编程视频	2547	1	0
黄华珠生活照	2548	1	0
黄金话术	2549	2	0
黄龙600街上视频	2550	1	0
皇片视频流氓搜搜视频	2551	3	1
惠阳那里有的鸡婆	2552	2	0
火车硬座靠窗座位号	2553	1	0
火遁豪火球之术怎么说	2554	1	0
极大的乐趣+++初一用英语说	2555	1	0
济南军区26军领导名单	2556	1	0
计划书请领导看怎么说	2557	1	0
佳诚室内套装门	2558	1	0
佳木斯杀人新闻联播	2559	1	0
佳能280++0-3-5	2560	1	0
佳园园林设计软件4.5	2561	1	0
家庭装潢施工内容单	2562	1	1
贾平凹自传体长篇小说	2563	1	0
简丹+骏	2564	1	0
简单的yy小窝频道模板	2565	1	0
剑灵新比武牌好还是水月豪杰牌号	2566	1	0
建筑内天井定义	2567	1	0
姜大卫李琳	2568	1	0
江南都市报+2月20日	2569	1	0
江苏省无锡市南长区运河东路时代大厦公交车	2570	1	0
江西上饶横峰扫黄视频	2571	1	0
江西+日边村	2572	1	0
降头电影大全色降	2573	1	0
交友网站的研究意义与价值	2574	1	0
角斗士+快播	2575	1	0
教案格式模板	2576	1	0
节奏大师暗系	2577	1	0
结婚城镇户口迁入农村	2578	1	0
金典H小说	2579	1	0
金口河+成都+汽车	2580	1	0
经典穿越架空完本小说	2581	1	0
酒店管理培训	2582	8	4
旧家电回收	2583	1	0
喀什地区疏附县大学毕业生内地培训	2584	1	1
康师傅+++面条	2585	1	0
考研不需要考数学的专业	2586	1	0
科技频道直播	2587	2	0
科目4考完多久拿驾照	2588	1	0
科学记数法定义	2589	1	0
可以免费下载的完本小说	2590	1	0
客户服务意味着	2591	1	0
空间设置权限怎么进去	2592	1	0
空压机型号	2593	4	0
苦苣菜的营养价值	2594	2	1
酷派4g+8705	2595	2	0
快播美女视频	2596	4	1
快播在线观看超级大吊	2597	2	0
快乐大本营201012月8日	2598	1	0
快乐到死快播	2599	1	2
匡恋	2600	1	0
狂舞派快播	2601	3	1
昆山到永康有什么车	2602	2	0
拉斯研究所怎么打视频	2603	1	0
烂片之王	2604	1	0
狼队怎么充值	2605	1	0
狼神族帐篷后面的岩石怎么飞上去	2606	1	1
老百姓该做什么行业	2607	1	0
老大爷恋老社区视频	2608	1	0
老k游戏德州扑克称号	2609	1	0
乐视网怎么转换视频	2610	1	0
李锦鉴yy视频	2611	1	1
李生初	2612	1	0
李跃清	2613	1	1
里湖邮箱号	2614	1	1
力神车	2615	1	0
联通转电信	2616	1	0
廉政童谣	2617	1	0
恋胖老社区视频	2618	1	1
两格加深收碗车	2619	1	0
两位数减法简便法教学视频	2620	1	0
两只脚	2621	1	1
辽宁交通广播电台975老茂侃车	2622	1	0
辽宁省锦州市凌河区解放路5段33号	2623	1	0
林枫集团	2624	1	0
铃村爱里番号	2625	1	0
另类一级快播	2626	2	0
刘汉保护伞周师傅	2627	9	0
刘骏路惠男小说	2628	1	0
刘秀峰	2629	1	0
柳州莫青门	2630	2	1
龙岩烟草网上订货	2631	2	1
娄艺潇手机号	2632	1	0
卢克肖集锦	2633	1	0
路由器没有wifi信号	2634	1	0
路由器忘记密码进不去	2635	1	0
罗汉松的修剪视频	2636	1	1
裸色系	2637	2	1
洛克王国喵喵在哪抓	2638	1	1
马绍尔助攻17视频	2639	2	0
麦王争霸2014巅峰之夜视频	2640	1	0
冒险契约送号	2641	1	0
玫瑰酒吧骑马奴视频	2642	2	0
梅特勒电解液9830货号	2643	1	0
煤矿安全事故调查报告模板	2644	1	0
美女家庭教师遭性骚扰	2645	1	0
美女西藏自驾游视频	2646	2	1
蒙氏手指小歌谣	2647	1	0
猛难诞生记高清	2648	3	1
梦幻西游5开玩什么号	2649	1	0
梦见大风吹	2650	1	0
梦想的力量+中国新生代视频	2651	1	0
米米亚imba1.5	2652	3	0
免费完整玄幻小说	2653	1	0
民国军阀小说	2654	4	0
明星微信	2655	1	0
名锏	2656	1	0
魔域8周年是几号	2657	3	0
末世救赎：丧尸的执着	2658	1	0
莫比乌斯无删减	2659	1	0
墨家机关术	2660	3	0
牡丹江到大庆客车	2661	2	1
哪个网站有专门的高中语文获奖比赛讲课的视频	2662	1	0
那个什么可以派兵去打僵尸的是什么游戏,+派出去的好像是警察《是用鼠标点击〉	2663	1	0
耐磨鞋业	2664	1	0
南昌二手跑车	2665	1	0
南昌县房价是否会降	2666	1	0
南方应选用哪种木地板	2667	1	0
南京蓝天学院有什么专业	2668	1	0
南京喜马拉雅尼泊尔印度餐厅的菜单	2669	1	0
南京租房3665	2670	1	1
南薰西街194号	2671	1	0
男病人另类体检视频	2672	1	0
男生生日祝福短信	2673	1	0
内蒙古医科大学研究生院导师名单	2674	1	1
你说我说他说	2675	6	0
你新年过得怎样采访视频	2676	1	0
聂各庄到德胜门怎么坐车	2677	1	0
纽曼电信	2678	1	0
农村插熟妇视频	2679	1	0
女星公开床戏拍摄全过程视频	2680	25	13
女主穿越洪荒同人小说	2681	1	0
女主穿越士兵突击小说	2682	1	0
女主叫锌年栗子的小说	2683	1	0
女主是上古神的小说	2684	1	0
暖峰	2685	16	12
虐心的现代言情小说	2686	1	0
欧美孕妇干+快播	2687	1	0
配菜师培训	2688	3	3
膨胀罐选优闻	2689	1	0
批评65	2690	1	0
乒乓球直通东京视频	2691	1	0
平顶山学院外国语大四学生安排	2692	1	0
平顶山+体外胃镜	2693	1	0
平方差公式说课稿	2694	1	0
平谷大轿子车	2695	1	0
平南龚州网今天新闻	2696	1	1
泼水节是哪个民族的节日	2697	1	2
妻子为我献身经理终于在安全期被射进去	2698	1	0
七公主漫画65	2699	1	0
七剑下天山床戏视频	2700	1	0
棋盘井四桥车	2701	1	0
骑人快播	2702	1	0
启蒙主义	2703	1	0
气运神道修炼类小说	2704	1	0
钱宝网注册单	2705	1	0
钱伯初	2706	1	0
潜意识操控术	2707	3	2
枪手二觉	2708	2	0
秦皇岛塔吊	2709	1	0
青岛科技大学自动化专业	2710	1	0
青海花儿王玉对唱视频	2711	1	0
青州到郑州火车	2712	1	0
情景古诗填空	2713	1	0
秋筱宫亲王	2714	1	0
求岳母发货	2715	2	1
全峰快递潮州湘桥	2716	1	0
饶阳新闻范苑村	2717	1	0
热血海贼王+饭团	2718	1	0
人教版四年级语文扁鹊治病教学设计讲义	2719	1	0
人体未接之谜	2720	1	0
日本妊妇女优	2721	1	0
日本tange钢架自行车	2722	1	0
日语小说	2723	2	1
肉山大魔王	2724	1	0
如何安装淘宝模板	2725	1	0
如何购买二手车	2726	1	1
如何修改手机字体	2727	2	0
如何在电脑上用微信	2728	1	0
若风在哪个yy直播	2729	1	1
萨拉毕加索轮胎	2730	1	0
塞班岛世界度假村	2731	1	0
赛尔号托雷塔斯刷什么努力值	2732	1	0
赛尔号2改名约瑟传说	2733	1	0
赛尔号4大电影快播	2734	1	0
三步上篮教学分解视频	2735	2	0
三国魂++22服++25日	2736	1	0
三聚甘油单硬脂酸酯	2737	1	0
三年级+家长会发言稿	2738	1	0
三星919U电板	2739	1	0
三星S2都有什么型号	2740	1	0
色色播播	2741	11	5
色中色激清	2742	1	0
山东邹平鲁钢机械	2743	1	0
山西科教杀人新闻	2744	1	0
山西影视频道在线直播	2745	1	3
陕价行发2012+72号	2746	1	1
伤心童话谢楠花絮	2747	1	0
上海电力学院到昌平地铁三号	2748	1	1
上海交通安全信息网++非机动车上牌照	2749	1	0
上海前互	2750	1	0
上海双圈旋钮	2751	1	0
尚嘉美毛线D30205	2752	1	0
少女的禁恋	2753	1	0
绍兴越城区洞桥到胜利东路国贸大厦坐几路车	2754	1	0
申购单模板	2755	1	0
深圳去樟木头汽车	2756	1	0
深圳+白领地铁猝死+视频	2757	1	0
神盾局特工为什么停播	2758	13	5
神偷奶爸2国语快播	2759	2	0
沈阳怎么关GPS流量短信	2760	1	0
省油的越野车	2761	1	0
十八届三中全会心得体会+林业	2762	1	0
石家庄限行车号2014年2月28号限哪个号	2763	1	1
什么枝条	2764	1	0
食神粤语高清快播	2765	1	0
世界节日	2766	1	0
世界弦贝斯演奏大师教学视频	2767	1	0
适合下雨天的心情说说	2768	1	0
收文办文单	2769	1	0
手机壁纸文字大全高清	2770	2	0
手机银行许昌银行转账行号	2771	1	0
手拉手活动的名单	2772	1	0
手术室手术衣无菌操作视频	2773	1	0
手写萌字体	2774	1	0
手掌上看健康	2775	1	0
守护D出门	2776	1	0
兽药监督与管理视频	2777	1	0
舒心谣	2778	1	0
书画频道书法课堂视频	2779	4	3
数学方格纸模板	2780	1	0
刷幻影和复仇者技巧100%	2781	1	0
双人小游戏大全赛车	2782	1	0
谁能推荐几个美女的QQ号	2783	1	0
谁推荐几本主角不卑鄙真君子的小说	2784	1	0
谁知女人心爱奇艺	2785	1	0
说说赞软件无需小号	2786	2	0
四川打掉的刘汉刘维黑帮视频	2787	1	0
四川邻水高滩最新新闻	2788	1	0
四海一家+生日	2789	1	0
饲料化验报告单	2790	1	1
宋国峰	2791	5	3
苏东剧变教训	2792	1	0
苏共亡党亡国的历史教训	2793	1	0
苏秦张仪视频	2794	1	0
苏州卡回收	2795	1	0
台湾股票代码:+2495	2796	1	0
台湾老片独创无底洞在线播放	2797	1	0
泰顺到扬州客车	2798	1	0
贪污犯刑场照	2799	1	1
汤灿被执行死刑新闻	2800	1	0
唐山汽车	2801	1	0
淘宝店铺电热装修店招模板	2802	1	0
特别文摘投稿	2803	1	0
藤泽美羽番号	2804	1	0
剃刀至恋	2805	1	0
天津火车站-水上公园地铁咋去	2806	1	0
天水到庆阳的汽车	2807	1	0
天堂太远，人间太险	2808	1	0
天下3封号	2809	1	0
天翼宽带极速卡充值	2810	3	0
天宇考王	2811	1	0
贴身医王	2812	44	10
通宝机械	2813	1	0
通辽二手货车	2814	2	0
铜陵翠湖2路1517号	2815	1	0
土石坝已发生的破坏	2816	1	0
吞食天地加强版凤凰的幼雏入寇西蜀视频	2817	1	0
外国穿丝袜视频	2818	1	0
玩飞车怎么知道别人的QQ号	2819	1	0
万年历2014春社日	2820	1	0
王杰做客综艺节目视频	2821	1	0
王码五	2822	2	0
网恋第一次见面就发生关系	2823	1	1
网球赛直播	2824	2	1
威望205试驾视频	2825	1	0
微信怎么开通嘀嘀打车	2826	1	3
卫生部妇科三合诊视频	2827	2	0
温州到东阳东站汽车	2828	1	0
问候朋友的短信	2829	1	0
我的弧线老婆	2830	1	0
我的美丽说	2831	1	0
我的世界正版账号	2832	3	0
我的世界主城存档	2833	1	0
我买了家教机如何打开教才	2834	1	0
我们是金色的小金蝉	2835	1	0
我在公交车顶女生小说	2836	1	0
无弹网小说	2837	1	0
无情的身体	2838	2	2
无锡治理+老赖+名单	2839	1	0
无限之白骨君王	2840	4	1
武汉理工大学自主招生3月1日考生去不去	2841	1	0
武汉卓尔+2014+名单	2842	7	2
武林风2014年02015	2843	1	0
武宁最新新闻	2844	1	1
五	2845	60	28
五河新闻2014年2月22日	2846	1	0
五十铃平板货车4.2米新车	2847	1	0
五一先锋岗和工人先锋号	2848	1	0
物联网的核心技术	2849	1	0
西大天王	2850	1	1
西南期货	2851	2	2
媳妇与公公的乱抡	2852	2	0
喜游游戏的号	2853	1	0
下载阿里巴巴诚信通产品详细页模板	2854	1	0
厦门火车站201403月1改造去外省在哪里座火车	2855	1	0
纤弱	2856	2	2
现货交易如何看盘下单	2857	1	0
现在穿越火线在那看比赛视频	2858	1	0
相约北京广场舞云丧	2859	1	0
香花梨木才	2860	1	0
香妃小说	2861	1	0
襄汾高中教师手机号	2862	1	0
乡村爱情变奏曲赵本山老婆	2863	2	2
像开国帝王一样创业	2864	3	0
萧山728公交车	2865	1	0
小黑豹弓弩安装视频	2866	1	2
小黄人冲冲冲	2867	1	0
小林更新说	2868	1	0
小漠QQ号	2869	1	0
小说里有慕容，欧阳，上官的小说	2870	1	0
小野纱里奈步兵番号	2871	1	0
孝亲力行作业	2872	1	0
笑傲江湖去哪儿找令牌小偷	2873	1	0
写给母亲的信	2874	1	0
新疆生产建设兵团人才培训	2875	1	0
新疆真实反恐视频	2876	1	0
新乐金店被抢事件关注视频	2877	10	3
新闻社会与法姐夫和小舅子老婆视频	2878	1	0
新药申报资料模板	2879	1	0
新用户无法直接qq登陆微信	2880	1	0
星沙街道+喻志刚	2881	2	0
行业拨尖人才	2882	1	0
虚开发票案刑法205条	2883	1	0
徐汇区零陵899号+30楼	2884	1	0
徐州维辰集团	2885	1	1
徐昕樊振东直通比赛视频	2886	1	0
轩辕传奇pk最强职业	2887	1	0
宣化上人+语录101条	2888	1	0
玄幻魔法学园完结小说	2889	1	0
i之恋全集视频	2890	1	0
学生的记录由学号和成绩组成，N名学生的数据已在主函数中存放在结构体数组s中，请编写函数fun，它的功能是：把低于平均分的学生数据放在b所指的数组中，低于平均分的学生人数通过形参n传回，平均分通过函数值	2891	1	0
学a3驾照	2892	1	0
雪乃{番号	2893	1	0
亚马逊即将发货	2894	1	0
杨幂资料qq号	2895	1	0
扬汽集团	2896	4	0
扬州今日生活重播	2897	1	0
一个里文章失恋	2898	1	0
一个人和他的猪快播	2899	4	1
一箭十星技术	2900	1	0
一起成功的小说	2901	1	0
一小球从空中某位置以10m/s的速度水平抛出一个物体	2902	1	0
意甲名单	2903	1	0
义乌19楼	2904	3	0
阴茎延长到最大手术	2905	1	0
银河水管弦乐团性丑闻	2906	1	0
银行卡丢了怎么办+我不记得卡号	2907	1	1
淫荡少妇白洁小说	2908	2	1
英语试讲稿	2909	1	0
应收账款融资授信风险	2910	1	0
咏乐汇++郭敬明高清	2911	1	0
游戏策划模板	2912	1	0
幼儿园怎样用手指头算加减	2913	1	0
幼儿园中班三八节方案+给妈妈洗脚	2914	1	0
于是入朝见威王+三年春+帝亲祀南郊+答案+下列各组加点词的意义	2915	1	0
雨天发给客户的短信	2916	1	0
与狼共舞爱奇艺	2917	1	0
宇通校车最新新闻	2918	1	0
原辅料、药品质量复检通知单	2919	1	0
圆明园门票多少钱一张	2920	1	0
运城+天气++3月一日	2921	1	0
运输管理条例，校车	2922	1	0
杂志征稿	2923	1	0
在手机豌豆荚上怎么下载视频	2924	1	0
早乙女露依++快播	2925	2	0
造梦西游3为什么加载不进去	2926	1	0
怎么安装ps5	2927	1	0
怎么加盟盼盼木门	2928	1	0
怎么理解TPLINK的型号	2929	1	0
怎么能让手机的游戏装回去	2930	1	0
怎么弄手机彩铃	2931	1	0
怎么认字体	2932	1	0
怎么样能怀双胞胎	2933	1	0
怎样才能健康	2934	1	0
怎样盗奥拉号	2935	1	0
怎样合法生育二胎	2936	1	0
怎样学敲笔视频	2937	1	0
怎样在起点写小说	2938	1	0
战神阿瑞斯++冥炎逐日	2939	1	0
湛江培才一中学校初一(一)班全体照	2940	1	0
漳委办发[2006]24号	2941	1	0
张根硕粉丝群qq号	2942	1	0
张娜拉女人的斗争快播	2943	1	0
浙江人生第一次视频	2944	1	0
真人]U	2945	1	0
针刺关元气海中极各是什么感觉	2946	1	0
针织服装缝制检验报告单	2947	1	0
郑氏族	2948	1	0
郑州金城国贸出售11楼	2949	1	0
郑州文化路115号	2950	1	0
指的是多大的才	2951	1	0
致命列车	2952	1	1
中国工程院院士名单	2953	1	0
中国人民银行令〔2006〕第1号	2954	1	0
中国沙漠汽车赛车视频	2955	1	0
中国至今未解开的谜团	2956	2	0
中国+广东+深圳市龙岗区+横岗镇新坡塘57号五楼	2957	1	0
中华橱柜网315	2958	1	0
中石油+周滨的父亲周永康	2959	2	0
中学品德发奖大会发言稿	2960	1	0
重庆医科大学老师上课的视频	2961	1	1
周润发电影全集赌王	2962	6	2
珠海斗门井岸鸡婆	2963	1	0
猪头三哈尔滨	2964	1	0
追尾事故违反交通法哪一条	2965	1	0
卓依婷qq号	2966	1	0
淄博58同城二手车	2967	1	1
棕色车	2968	1	0
祖海的歌神女峰	2969	1	0
最近10天更新的视频	2970	2	0
最快潮吹	2971	1	0
最省油的中级车	2972	1	0
最新最及时新闻	2973	1	0
遵义婚纱影楼	2974	1	0
做一个12班的国徽	2975	2	0
坐地铁从花桥站到虹口区三门路怎么乘车	2976	1	0
座套用餐视频	2977	1	0
啧啧啧啧啧啧	2978	3	0
暧昧平板	2979	1	0
飓风战魂全集第2爱艺	2980	1	0
瘾不住的儿子快播	2981	1	0
蝙蝠侠爱奇艺	2982	1	1
箴言书第10章释义	2983	2	0
0利息0手续费贷款买车	2984	9	4
0052是哪里的区号	2985	1	0
10000号	2986	1	1
11城进路窍门	2987	1	0
110102602143696北京工商注册号	2988	1	0
12岁女性生值器真人图艺术照	2989	2	0
13.350.1005	2990	1	0
14春晚小品+冯巩高清	2991	1	0
160706基金今天净值	2992	5	1
171.8254.165	2993	1	0
192.168.1.1路由器控制面板	2994	1	0
195/70R15+195/80R15	2995	1	0
2繁体	2996	1	0
20岁生日个性说说	2997	1	0
2011小牛夺冠历程视频	2998	1	0
2014白鲨淘宝店IE3.0为什么还没到货	2999	1	0
2014房价下跌城市名单	3000	30	16
2014父亲节是几月几日	3001	1	0
2014年星光大道杨帆和他妈妈的演唱视频	3002	1	0
2014年2月12日山东新闻联播	3003	1	0
2014年2月20日有关新春走基层的襄阳新闻	3004	1	0
2014年2月23号晚间新闻	3005	1	0
2014年3月搬家吉日	3006	5	3
2014起凡比赛视频	3007	1	0
2014热火vs雷霆全场视频	3008	2	0
2014习山东省林叶部长谈林业	3009	1	0
2014051期3d金胆王	3010	1	0
2014soho现代城跳楼	3011	1	0
2015年日历放假安排	3012	3	0
2601那个站发车	3013	1	0
3.1415	3014	2	0
3.15宣传口号	3015	1	0
30万++摄像头+晚上++太暗	3016	1	0
30000元以下的二手车	3017	1	1
304社团	3018	1	0
3M胶带属于什么行业	3019	1	0
3d漂移赛车	3020	2	1
3d子谜	3021	1	0
400-060-1618转19155	3022	1	0
430错误号	3023	1	0
52999绳艺	3024	1	1
66965	3025	1	0
76岁老人得女孩身体	3026	5	0
91网游加速器卡密充值咋冲	3027	1	0
96岁老人两天不睡觉	3028	1	0
A计划2爱奇艺	3029	1	0
DATA网游小说	3030	1	0
DNF世界第一毒王	3031	1	0
FM2014战术	3032	2	0
LA404Q-K387+可以当学步车	3033	1	0
NB后贫民魔皇视频	3034	1	0
NBA现场直播	3035	3	1
OL的诱惑小说	3036	1	0
PCB基板	3037	1	0
PCR技术	3038	4	1
Q5透视镜	3039	1	0
QQ旋风下载QQ飞车	3040	1	0
QQ音乐绿钻贵族	3041	1	0
SKY-235	3042	1	0
TMT行业	3043	2	1
WORD要选定文档中一个矩形区域，应拖动鼠标前按那个键不放	3044	1	0
WORD怎么把横着	3045	1	0
XP屏保时有关机按钮	3046	1	0
YGUGH34ESD898G5	3047	1	0
amd+新闻	3048	1	0
and+Settings\Administrator\Application+Data\360se6\Application\360se.exe+http://ptlogin2.qq.com/jump?ptlang=2052&clientuin=1985499220&clientkey=D15E16D855856E0CCDB6EC380353E6879A53EFF2674312D7D2B34EB014BA0E34&u1=http://user.qzone.qq.com/2638530855	3049	1	0
cctv1在线直播	3050	1017	408
cctv10百家讲坛百家姓第二部游姓	3051	2	0
cf老卡出去	3052	1	0
cf怎么同时登2个号	3053	1	0
cs做爱的视频	3054	1	0
dnf龙王走格子视频	3055	1	1
dnf漫游pk加点85	3056	1	0
dnf怎么速度玩到85	3057	1	0
dnf85银月pk视频	3058	1	0
dreamweaver8序列号	3059	10	8
excel表格中输入身份证号去掉引号	3060	1	0
floxgirl字体	3061	1	0
hp1010激光打印机面板上的两个按钮	3062	1	0
iphone亡灵杀手存档	3063	1	0
iphone桌面图标随意摆放	3064	1	0
ipz-145	3065	1	0
java怎么下载通用型号	3066	1	0
jm302型冷焊机视频	3067	1	0
js怎么跺脚	3068	1	0
kk+mj;';;;l65585554555	3069	1	0
lizxongrui5	3070	1	0
lol查询封号	3071	3	1
lol新英雄恐怖骑士视频	3072	2	1
lolo冬阳视频	3073	1	0
mike泰国和李和娜视频	3074	1	0
mlc男团	3075	1	0
nba尼克斯vs热火2月28视频	3076	1	0
nlp教练技术	3077	3	0
opera12.15	3078	1	0
pscs5免费序列号	3079	1	0
python入门	3080	1	0
qq飞车普通鸡毛信	3081	1	0
qq飞车em辅助怎么上号	3082	1	0
qq情侣头像好看的一对一张	3083	1	0
qq头像exo全体	3084	1	0
qvod高清	3085	2	0
s4蒸汽机器人・布里茨视频	3086	1	0
scan是什么汽车	3087	1	0
sqqvod快播	3088	1	0
usa/1,3,15	3089	1	0
we微笑和苏小妍合照	3090	1	0
win8经常弹出音频	3091	1	0
x很遗憾，您不在老账号名单内别灰心，2014年度新版全面公测，全新玩法，丰厚奖励爽翻天！快快告诉你的小伙伴吧，是时候一起再战《征途2》了！x恭喜您，位列老账号之列赶快鉴定您的账号价值吧？！您的账号=？台土豪金关闭	3092	1	0
xin蜀门	3093	1	0
y夷陵区炒货	3094	1	0
	3095	2	0
“争当新时代的小雷锋”演讲稿	3096	1	0
e	3097	1	1
阿狸方块岛历险	3098	1	1
艾滋病健康教育宣传单	3099	1	0
爱儿老师钢琴599第60条	3100	1	0
爱莲说优秀讲课视频	3101	1	1
爱情公寓4qvod高清	3102	1	0
安飞士租车有什么保险	3103	1	0
安妮电动车	3104	1	0
俺妹同人后宫小说	3105	1	0
奥拉星源之双生之力怎么打视频	3106	2	0
奥龙维以贵族	3107	1	0
芭比之梦想豪宅第5季爱奇艺	3108	1	0
巴啦啦小魔仙-795	3109	1	0
巴运集团	3110	1	0
白川莉沙+快播	3111	1	2
白莲教起义	3112	1	0
白云区均禾街外管中心视频	3113	1	0
百度日产天籁	3114	1	0
百万葵园最好什么时候去	3115	1	0
搬家叫车	3116	1	0
伴猪吃老虎的黑道小说	3117	1	0
半步多欲望传说	3118	1	1
办护照坐牢超过两年可不可以办护照	3119	1	0
邦马助力汽油车	3120	1	0
帮助好友申诉回执编号	3121	1	0
保定会馆菜单	3122	1	0
保山市腾冲县团田乡弄玲村弄玲自然村	3123	1	0
宝马X32014款最新视频	3124	1	0
抱起瘫痪老人的窍门	3125	1	0
报道女工通讯稿	3126	1	0
北斗星后轮轴承型号	3127	1	0
北京诚饰木门	3128	1	0
北京发布会向着胜利前进庆典视频	3129	1	0
北京师范大学摄影专业	3130	1	0
北京市成立老年人法律服务团	3131	1	0
北京2014年监理工程师初始注册名单	3132	1	0
被邀请的好友名单+请将回执编号2404909148告知以下好友请好友02月28日13:46前到aq.qq.com/fz完成辅助难得糊涂907696530+孤独478770999+一个人2240944753+每少一个好友辅助，成功率将12%	3133	1	0
奔腾卷发器PR5015PR5015	3134	1	0
本田cbr250+19期缸体	3135	1	0
避孕环戴入真人视频	3136	1	1
扁太亿药条	3137	1	0
滨湖区区号	3138	1	0
不是而是什么关系	3139	1	0
不显的隐形眼镜	3140	1	0
不锈钢废料回收	3141	1	0
财税2011+117号	3142	1	0
财务上包括什么职业	3143	1	0
测速+电信	3144	16	7
查名字好坏	3145	1	0
产假请假条	3146	6	6
产品目录的电动自行车	3147	1	0
昌九一体化的意义	3148	1	0
常用高速光耦型号	3149	1	0
长沙可以异地办理护照	3150	1	0
长沙新闻频道直播	3151	1	1
超长幼幼小说	3152	1	1
超刺激百女吹潮快播	3153	1	0
车队队长竞聘稿	3154	1	0
车祸发生时是先救人还是车	3155	1	0
陈春林太极风水视频	3156	1	0
衬着	3157	2	0
城镇燃气管道施工验收	3158	1	0
乘风归去	3159	3	0
程建峰	3160	2	0
驰宇集团	3161	1	0
赤峰调频	3162	1	0
臭豆腐炖猪脚	3163	1	0
初中英语作文大全写给父母的信	3164	1	0
穿越到封神英雄榜的小说	3165	1	0
穿越火线外挂刷枪雷神不封号	3166	5	3
穿越或重生到未来小说	3167	1	0
穿越农家空间种田小说	3168	1	1
穿越田园小说	3169	1	0
吹哭视频	3170	1	0
春节的意义	3171	1	0
春晚假唱名单	3172	1	0
从深圳科技园坐地铁1号线到设计大厦哪个站下车	3173	1	0
从徐州到东周咋坐车	3174	1	0
凑	3175	4	1
催眠类肉文小说	3176	1	0
村上里沙小男孩番号	3177	3	1
打的软件新闻	3178	1	1
大话西游2挖矿职业	3179	1	0
大乐斗还童极品佣兵视频	3180	1	0
大连奥通二手车	3181	1	0
大闹天宫坐骑4升5	3182	1	0
大炮+音频	3183	1	0
大天门	3184	2	0
大同一中2014年2月27日新闻	3185	1	0
大学生社会实践的意义	3186	1	1
戴旭视频	3187	2	1
带九寨沟	3188	1	0
代加工雾面烤漆门	3189	1	0
党啊我想对你说	3190	1	0
刀砍美女头魔术	3191	1	0
刀闸闸板	3192	1	0
倒车后视受干扰	3193	1	0
导航五	3194	1	0
道教修行入门	3195	1	0
道义的含义	3196	1	0
盗号集团	3197	1	0
德国大众4000元的微型小汽车	3198	1	0
德州到北京旅游团	3199	1	0
地府小说	3200	1	0
地牢猎手4破解版显示没有谷歌账号	3201	1	0
地牢围攻3职业	3202	1	0
第四批“青年千人计划”引进人才名单	3203	1	0
电话号码查询机主姓名与身份证号	3204	3	1
电煤+pm2.5	3205	1	0
电脑的字变成了符号	3206	1	0
电信翼支付充值	3207	3	0
吊丝男士3季快播	3208	1	1
东风夜放花千树+更吹落+星如雨形容的是哪个传统节日	3209	1	0
东欧芭蕾艺术体操快播	3210	1	0
东热杉原杏璃百度播放	3211	1	0
洞房夜男女做的视频	3212	1	0
都市频道第一调解直播	3213	1	0
短飞机头发怎么吹视频	3214	1	0
对方一米七+++我一米五	3215	1	0
多啦a梦之太空列车	3216	1	0
儿童艺术照	3217	1	0
二手久保田u15	3218	1	0
二手全顺七座柴油车	3219	1	2
发为1185	3220	1	0
法库东湖学校成绩单	3221	1	0
番号列表+高清	3222	1	0
反洗钱培训	3223	1	0
泛着??水晶，就好像是仙界里才	3224	1	0
方格稿纸模板	3225	1	0
菲亚特西耶稣	3226	1	0
非常完美爱奇艺	3227	1	1
非诚勿扰留灯17盏视频	3228	1	2
肥厚阴唇女优	3229	1	0
肥AV女优	3230	1	0
丰台三环新城27号楼	3231	1	0
服装质量检验报告单	3232	1	0
富力新城11号楼	3233	1	0
富路老年车	3234	1	0
富士康工资发放	3235	1	0
妇科腹部手术消毒视频	3236	2	0
干氏家族	3237	1	0
干小姨影院+快播	3238	1	0
甘肃金徽酒业集团	3239	1	0
甘肃武威官员贪污名单	3240	3	4
钢铁企业投稿	3241	1	0
高档白色手工制作外贸床上用品原单尾货	3242	1	0
高压汽枪打猎视频	3243	1	0
哥哥姐姐妹妹乱伦小说	3244	1	0
鸽子协会视频	3245	1	0
给爸爸妈妈洗脚	3246	1	0
给儿子二十岁生日祝福短信	3247	1	0
给法院法官的感谢信	3248	1	0
给老公的留言板	3249	1	0
给西部同学的一封信	3250	2	0
工商质监体制调整名单	3251	2	0
供求世界桦甸售住宅楼	3252	1	0
公共管理有哪些专业	3253	1	0
公路边沟盖板	3254	1	0
公司活动口号	3255	1	0
狗狗不吃不喝总睡觉	3256	1	0
骨头汤菜饭做法视频	3257	1	0
股权结构图+word模板	3258	1	0
顾菁绿帽门	3259	2	0
刮交强险	3260	1	0
挂满星星的夜空	3261	1	0
关于感恩母亲的演讲稿	3262	1	1
关于纪律的演讲稿	3263	1	0
广播小说	3264	2	0
广发证券金管家至强板	3265	1	1
广饶到泰安汽车	3266	1	0
广西东兴市2014年2月28日歌友会现场直播	3267	1	0
广西壮族自治区南宁市东葛路33号有色金属大院内4号楼一楼	3268	1	0
广州番禺南村站街鸡婆	3269	1	1
广州服装批发市场进货	3270	1	2
贵阳最高的楼	3271	1	0
贵州百姓关注今天直播	3272	2	0
郭晋安+郭羡妮绯闻	3273	1	0
国画家王英刚	3274	1	0
国务院各领导小组名单	3275	2	0
哈市二手车	3276	4	2
孩子保险	3277	1	0
海贼王同人唐鳄耿美小说	3278	1	1
韩币符号	3279	3	0
韩国女主播朴妮唛裸聊视频	3280	1	0
汉中新闻+最新新闻	3281	1	0
汉字转换火星文带符号	3282	1	0
杭州电子科技大学专业	3283	1	1
杭州天气预报一周15	3284	4	1
好看的华娱明星小说	3285	1	0
好老师网幼儿舞蹈视频	3286	1	1
好在夫在线挂号	3287	1	0
菏泽唢呐结婚视频	3288	2	0
和大舅嫂的感觉	3289	1	0
和田古玉视频	3290	1	0
合浦司机铲车	3291	1	0
合同法229条	3292	1	0
合政办[2013]55号	3293	1	0
河北武安莽}正月十五	3294	1	0
河南担保出事最新新闻	3295	1	1
黑川绮罗作品番号	3296	1	1
黑道小说文字控的qq号	3297	1	0
黑道小说5	3298	1	0
黑道言情校园小说	3299	1	0
黑龙江省林木征用补偿	3300	1	0
黑龙江一家五口遭灭门	3301	28	16
黑桃种植技术	3302	1	0
红头文件模板	3303	5	3
后宫帝王妾床戏无删减高清	3304	9	4
后宫+洪荒+小说	3305	1	0
湖北统一城乡居民养老保险	3306	1	0
湖北2014年7月份自考教育学报考考试科目安排	3307	1	0
湖南高清直播	3308	2	0
湖南收视直播	3309	1	0
湖南卫视奇舞飞扬直播	3310	1	0
湖南卫视谁与争锋全部视频	3311	1	0
湖南卫视我们都爱笑全集舒畅陈键锋视频	3312	1	0
湖南湘西龙山结婚视频	3313	2	0
虎门工厂设备回收	3314	1	0
虎2014年全明星比赛录像回放	3315	1	0
护理应届毕业生自荐信	3316	1	0
互联星空用什么可以充值	3317	1	0
户县+风玫瑰	3318	1	0
华恒置信	3319	1	0
华盛麓峰建工集团	3320	1	0
怀孕干尸产活女婴视频	3321	2	2
黄金视宝4006667035	3322	1	0
黄牛精神和天马步伐	3323	1	0
黄亚超cf视频	3324	1	0
皇冠豹异形鱼视频	3325	1	0
皇后大道东锄地舞视频	3326	1	0
会昌县长周逸洪被抓	3327	3	1
会计从业资格考试有几门	3328	1	0
会议邀请函模板	3329	3	0
会阴侧切术真实视频	3330	2	1
混沌第八圣	3331	1	0
火箭vs湖人2014年1月9日	3332	1	0
火影忍者482土豆高清	3333	1	0
获奖演讲稿	3334	1	0
饥荒攻略秘籍视频	3335	1	0
激光打标师傅	3336	1	0
极品女士+++优酷视频	3337	2	0
济南大鸿药业	3338	1	0
济宁龙鑫企业	3339	1	0
计算器根号	3340	1	0
纪梵希散粉怎么选色号	3341	1	0
嘉定哪里办电瓶车牌照	3342	1	0
家教小故事动态图播放	3343	1	0
家具设计与制作工艺	3344	1	1
家庭墨兰怎么养视频	3345	1	0
家装3.15	3346	1	0
甲亢+服药后+甲减	3347	1	0
假如在经年的路口再次相遇，如果还会认出你，我会婉言一笑，不为他求，只为相遇，假如我没有认出你，我会努力去想到底在哪里见过你，为何感觉如此的熟悉。尘世间有那么多的不得已，在转身的那一刻起，三生石上的誓言也随之抹去了，岁月的尘埃早已掩埋了铭刻的字迹，徒留一片空	3348	1	0
驾校一点通这是什么踏板	3349	1	0
剑网三PK强势职业	3350	1	0
剑雨快播	3351	1	1
剑3直承门	3352	1	0
建筑物挡风应如何赔偿	3353	1	0
姜丰是徐明老婆	3354	1	1
江淮同悦轮胎型号	3355	1	0
江苏山海集团	3356	1	0
江苏++新工厂+++开业	3357	1	0
江西财经大学自考本科2014年神马时候申请毕业	3358	1	0
江西南昌到瑶里怎么坐车	3359	1	0
酱猪头肉的做法视频	3360	1	0
胶州青岛区号	3361	1	0
教师专业能力评估体系	3362	1	0
金城江区摩托车	3363	1	0
金山游侠5序列号	3364	1	0
金泰妍和郑秀妍的关系	3365	1	0
金天国+0812+快播	3366	1	0
今日惠州车祸新闻2014年2月26日	3367	1	0
近地轨道防御3无限金币存档	3368	1	0
荆霄鹏书法讲座视频	3369	1	0
鲸鲨和虎鲸打架视频	3370	1	1
久爱小说	3371	2	1
九曲一号	3372	1	0
九月阳光的全部小说	3373	1	0
酒店大堂经理脱鞋晾脚	3374	1	0
就怕货比货	3375	1	0
就让我坐着	3376	1	0
聚美优品在手机上买的怎么退货	3377	1	0
巨旺汽车	3378	1	0
具体	3379	6	0
绝对侵占类小说	3380	1	0
开国少将名单	3381	1	0
开通微博+申请微博账号	3382	1	0
凯恩战记纵游充值	3383	1	0
抗日战争死的日本亲王	3384	1	0
科学普及出版社小学英语四年级下册视频	3385	1	0
克里访华北京就放二踢脚	3386	1	0
克隆空间情侣空间两张	3387	1	0
抠抠团	3388	22	8
